197101      8.83192      3.65945      9.18769     10.28800      9.18338      3.56953      3.38000
197102      8.84123      3.67021      9.23474     10.32755      9.23044      3.54385      4.75000
197103      8.85189      3.70598      9.26861     10.35600      9.26426      3.55249      4.69000
197104      8.85766      3.73146      9.30510     10.36391      9.30073      3.56671      4.01000
197201      8.87274      3.75934      9.32438     10.39467      9.31928      3.57235      3.73000
197202      8.88838      3.77023      9.35088     10.41577      9.34575      3.58906      3.91000
197203      8.89876      3.77803      9.39466     10.45187      9.38957      3.58906      4.66000
197204      8.91830      3.79908      9.43700     10.48796      9.43188      3.62700      5.07000
197301      8.94250      3.89528      9.46172     10.51673      9.45603      3.66356      6.09000
197302      8.94925      3.96024      9.49462     10.55375      9.48903      3.72086      7.19000
197303      8.95381      4.02142      9.52799     10.59438      9.52230      3.77276      8.29000
197304      8.96340      4.03883      9.54374     10.65611      9.53799      3.86493      7.45000
197401      8.95934      4.12455      9.57227     10.70475      9.56591      3.93183      7.96000
197402      8.96370      4.19419      9.59757     10.75389      9.59213      3.96651      7.90000
197403      8.96265      4.21287      9.59526     10.79508      9.58953      4.03424      8.06000
197404      8.95550      4.27778      9.60353     10.80542      9.59751      4.08598      7.15000
197501      8.94416      4.31642      9.68720     10.86314      9.68159      4.11251      5.49000
197502      8.95044      4.31080      9.70601     10.88910      9.70058      4.08933      5.34000
197503      8.96283      4.25362      9.74367     10.92239      9.73832      4.09434      6.42000
197504      8.97740      4.26521      9.80107     10.95228      9.79646      4.11087      5.44000
197601      8.99152      4.25816      9.77894     10.97567      9.77287      4.10759      5.00000
197602      9.00009      4.26802      9.79445     11.01386      9.78897      4.12390      5.41000
197603      9.00784      4.29565      9.80780     11.05246      9.80206      4.14630      5.08000
197604      9.01799      4.32400      9.81728     11.09250      9.81110      4.16200      4.35000
197701      9.03045      4.33821      9.85498     11.12676      9.84776      4.17131      4.60000
197702      9.03643      4.35530      9.88334     11.15799      9.87642      4.17746      5.02000
197703      9.04396      4.36412      9.89520     11.18129      9.88837      4.17746      5.81000
197704      9.05098      4.40903      9.93013     11.20827      9.92354      4.19117      6.07000
197801      9.05925      4.44230      9.93866     11.22910      9.93169      4.19870      6.29000
197802      9.07797      4.46775      9.96913     11.25781      9.96199      4.23700      6.73000
197803      9.08630      4.51426      9.99474     11.28901      9.98797      4.26830      7.84000
197804      9.09830      4.54584     10.00767     11.32913     10.00184      4.30407      9.08000
197901      9.09986      4.58517     10.00243     11.35947      9.99484      4.36055      9.48000
197902      9.11246      4.61036     10.05410     11.40589     10.04681      4.39568      9.06000
197903      9.11823      4.65824     10.06909     11.44793     10.06224      4.40428     10.26000
197904      9.12395      4.69966     10.04377     11.49582     10.03671      4.43438     12.04000
198001      9.13111      4.70601     10.08351     11.54356     10.07525      4.45551     15.20000
198002      9.11585      4.75901     10.06913     11.57672     10.06143      4.47278      7.07000
198003      9.11601      4.77593     10.12623     11.61561     10.12114      4.50535     10.27000
198004      9.12885      4.76320     10.14026     11.66170     10.13492      4.55703     15.49000
198101      9.13543      4.73664     10.14443     11.68936     10.13785      4.56122     13.36000
198102      9.13635      4.68555     10.13277     11.72300     10.12911      4.57058     14.73000
198103      9.14155      4.69382     10.11468     11.76577     10.11432      4.58088     14.70000
198104      9.13625      4.72393     10.14925     11.77263     10.15296      4.59107     10.85000
198201      9.13402      4.69620     10.11985     11.79850     10.12547      4.60417     12.68000
198202      9.13735      4.67105     10.14101     11.82303     10.14777      4.59006     12.47000
198203      9.13552      4.65472     10.12683     11.82991     10.13611      4.57780      7.92000
198204      9.13778      4.67133     10.17592     11.84854     10.18267      4.58701      7.94000
198301      9.14465      4.66183     10.20381     11.86981     10.21189      4.60016      8.35000
198302      9.15962      4.63754     10.23142     11.87272     10.24103      4.59714      8.79000
198303      9.16872      4.62232     10.26081     11.89132     10.26778      4.60417      9.00000
198304      9.18004      4.63045     10.25952     11.88979     10.26841      4.61016      9.00000
198401      9.19606      4.66287     10.27212     11.90493     10.27976      4.61809      9.52000
198402      9.20298      4.63123     10.27236     11.92416     10.27870      4.62889      9.87000
198403      9.20960      4.58456     10.25661     11.93743     10.26340      4.61314     10.37000
198404      9.21683      4.57358     10.26469     11.96176     10.27090      4.60317      8.06000
198501      9.22454      4.54489     10.28138     11.98774     10.28841      4.62006      8.56000
198502      9.23329      4.59036     10.29745     12.01085     10.30344      4.62104      6.95000
198503      9.24466      4.62595     10.32568     12.03795     10.33176      4.60217      7.10000
198504      9.25305      4.69236     10.35882     12.06184     10.36303      4.60317      7.10000
198601      9.25590      4.73277     10.33137     12.06787     10.33566      4.60817      6.56000
198602      9.26511      4.73075     10.33877     12.09445     10.34622      4.61907      6.21000
198603      9.27061      4.76865     10.37212     12.11821     10.37870      4.61907      5.22000
198604      9.27747      4.77618     10.41024     12.15359     10.41802      4.62104      5.53000
198701      9.28056      4.83414     10.43743     12.18108     10.44561      4.62399      5.59000
198702      9.29297      4.84419     10.49549     12.20654     10.50783      4.62399      5.67000
198703      9.30534      4.86283     10.49388     12.22212     10.49883      4.66060      6.40000
198704      9.31808      4.93397     10.49327     12.21758     10.50950      4.63084      5.77000
198801      9.32794      4.92820     10.50581     12.24396     10.51948      4.65301      5.70000
198802      9.33655      4.91991     10.53574     12.27062     10.59165      4.69501      6.46000
198803      9.34625      4.89627     10.56215     12.30377     10.60589      4.73708      7.24000
198804      9.35598      4.94968     10.56261     12.32973     10.61278      4.71582      8.07000
198901      9.36564      4.93109     10.57592     12.36362     10.61499      4.73092      8.82000
198902      9.37037      4.89522     10.57847     12.39471     10.61641      4.73004      8.15000
198903      9.37631      4.89970     10.58593     12.42729     10.62554      4.72295      7.75000
198904      9.38299      4.96018     10.58724     12.46323     10.63742      4.72295      7.63000
199001      9.39262      4.96654     10.55482     12.48252     10.60080      4.72739      7.90000
199002      9.39701      4.97376     10.55937     12.49760     10.60517      4.73092      7.73000
199003      9.39885      5.04265     10.54476     12.51269     10.58913      4.73970      7.36000
199004      9.39609      5.07167     10.56888     12.54180     10.62201      4.74493      6.74000
199101      9.39633      5.02197     10.58221     12.56411     10.63845      4.74667      5.90000
199102      9.40046      4.95442     10.59571     12.57419     10.65257      4.74319      5.57000
199103      9.40377      4.98648     10.61270     12.58417     10.66184      4.73883      5.22000
199104      9.40580      5.03455     10.61472     12.59430     10.67283      4.74057      4.07000
199201      9.41143      4.99816     10.63347     12.60515     10.68810      4.74319      4.04000
199202      9.41302      5.03409     10.64392     12.61637     10.68967      4.74840      3.66000
199203      9.41523      5.07392     10.67327     12.63084     10.72375      4.74840      2.91000
199204      9.41922      5.01183     10.68162     12.63803     10.72977      4.74319      3.22000
DATE        GDPL         PEXPL       M1L          M2L          BASEL         IMPL         TBILL
