197501      6.62618      6.62121      6.05812      6.00413      0.06600      0.08900      0.00000      0.00000      0.00000      0.00000      0.00000      NA           NA
197502      6.61962      6.62448      6.05538      6.04903      0.04900      0.08400      0.00000      0.00000      0.00000      0.00000      0.00000      4.06095      2.04256
197503      6.64212      6.63367      6.06417      6.07879      0.04200      0.08300      0.00000      0.00000      0.00000      0.00000      0.00000      2.68457      3.38125
197504      6.65820      6.67751      6.07948      6.11655      0.04100      0.08400      0.00000      0.00000      0.00000      0.00000      0.00000      7.29101     15.84366
197601      6.67369      6.67174      6.09785      6.06052      0.03800      0.07900      0.00000      0.00000      0.00000      0.00000      0.00000      0.65628     -7.84339
197602      6.69553      6.69663      6.11191      6.10479      0.03800      0.07800      0.00000      0.00000      0.00000      0.00000      0.00000      3.26532      2.63159
197603      6.70108      6.69043      6.10435      6.11744      0.04500      0.08000      0.00000      0.00000      0.00000      0.00000      0.00000      6.45175      7.14885
197604      6.71218      6.72763      6.13370      6.17337      0.04800      0.07500      0.00000      0.00000      0.00000      0.00000      0.00000      0.63949     10.17543
197701      6.72664      6.72620      6.13427      6.09965      0.04700      0.06900      0.00000      0.00000      0.00000      0.00000      0.00000      3.81561     -6.32925
197702      6.73191      6.73273      6.13816      6.12840      0.04400      0.06200      0.00000      0.00000      0.00000      0.00000      0.00000      5.03151      4.44097
197703      6.75891      6.74844      6.13253      6.14225      0.04200      0.05800      0.00000      0.00000      0.00000      0.00000      0.00000      3.11286      4.39220
197704      6.77667      6.79213      6.16194      6.19868      0.04100      0.05700      0.00000      0.00000      0.00000      0.00000      0.00000      4.31770     14.10108
197801      6.77851      6.77916      6.16216      6.12927      0.03500      0.05400      0.00000      0.00000      0.00000      0.00000      0.00000      4.27159     -6.68201
197802      6.79284      6.79292      6.16184      6.16710      0.03600      0.05400      0.00000      0.00000      0.00000      0.00000      0.00000      4.22645      4.26508
197803      6.81221      6.80339      6.17233      6.17877      0.03700      0.06000      0.00000      0.00000      0.00000      0.00000      0.00000      5.96136      7.20740
197804      6.84308      6.85814      6.19195      6.23107      0.04000      0.06200      0.00000      0.00000      0.00000      0.00000      0.00000      0.59128     10.57330
197901      6.84772      6.84757      6.18938      6.16458      0.04200      0.06700      0.00000      0.00000      0.00000      0.00000      0.00000      3.52943     -7.01772
197902      6.86371      6.86601      6.22178      6.21541      0.06000      0.07500      0.00000      0.00000      0.00000      0.00000      0.00000      2.33577      1.17820
197903      6.84999      6.84081      6.21891      6.22099      0.07300      0.07600      0.00000      0.00000      0.00000      0.00000      0.00000      8.63964     10.45052
197904      6.85676      6.87414      6.22495      6.26777      0.09300      0.07900      0.00000      0.00000      0.00000      0.00000      0.00000      2.27273     12.41284
198001      6.85448      6.85802      6.23480      6.20617      0.09200      0.08700      0.00000      0.00000      0.00000      0.00000      0.00000      6.18424     -5.03151
198002      6.84614      6.85148      6.22535      6.21940      0.10200      0.08800      0.00000      0.00000      0.00000      0.00000      0.00000      6.09008      5.03151
198003      6.85266      6.84115      6.21793      6.22396      0.09200      0.07900      0.00000      0.00000      0.00000      0.00000      0.00000      3.82778      6.06490
198004      6.87152      6.88820      6.21561      6.25882      0.09600      0.08600      0.00000      0.00000      0.00000      0.00000      0.00000      2.17097     12.39156
198101      6.87321      6.87516      6.22634      6.19604      0.11200      0.09800      0.00000      0.00000      0.00000      0.00000      0.00000      3.23452     -8.03778
198102      6.87927      6.88240      6.22594      6.21601      0.13200      0.10600      0.00000      0.00000      0.00000      0.00000      0.00000      5.33341      4.30691
198103      6.88190      6.86926      6.22614      6.23028      0.12800      0.11100      0.00000      0.00000      0.00000      0.00000      0.00000      4.74002      6.90130
198104      6.87243      6.88735      6.22099      6.26701      0.11200      0.10000      0.00000      0.00000      0.00000      0.00000      0.00000      5.71810     16.49718
198201      6.88904      6.88968      6.22317      6.18847      0.10200      0.09700      0.00000      0.00000      0.00000      0.00000      0.00000      3.59668     -8.16355
198202      6.89998      6.90364      6.21979      6.21361      0.09300      0.09000      0.00000      0.00000      0.00000      0.00000      0.00000      3.05734      1.54341
198203      6.90337      6.89039      6.20678      6.21241      0.08900      0.09000      0.00000      0.00000      0.00000      0.00000      0.00000      6.04546      8.63526
198204      6.90365      6.91864      6.20758      6.25113      0.07200      0.08100      0.00000      0.00000      0.00000      0.00000      0.00000      2.49222     12.85648
198301      6.92340      6.92376      6.22158      6.19481      0.05700      0.07500      0.00000      0.00000      0.00000      0.00000      0.00000      3.46323     -7.86266
198302      6.93050      6.93587      6.23009      6.22930      0.05400      0.07700      0.00000      0.00000      0.00000      0.00000      0.00000      0.49231     -1.49161
198303      6.93508      6.92362      6.22851      6.23402      0.05700      0.08200      0.00000      0.00000      0.00000      0.00000      0.00000      4.89004      7.89175
198304      6.92805      6.93887      6.24611      6.28749      0.06300      0.08100      0.00000      0.00000      0.00000      0.00000      0.00000      2.90558     13.91862
198401      6.93022      6.93085      6.25767      6.23617      0.06000      0.08000      0.00000      0.00000      0.00000      0.00000      0.00000      1.44491    -10.51434
198402      6.94387      6.95137      6.24183      6.24397      0.06000      0.08000      0.00000      0.00000      0.00000      0.00000      0.00000      0.00000     -2.42867
198403      6.95478      6.94700      6.26686      6.26947      0.06000      0.07900      0.00000      0.00000      0.00000      0.00000      0.00000      2.39665      5.32373
198404      6.95333      6.96642      6.27156      6.31789      0.05900      0.07200      0.00000      0.00000      0.00000      0.00000      0.00000      3.80502     15.09613
198501      6.96591      6.96665      6.26644      6.23637      0.06100      0.07400      0.00000      0.00000      0.00000      0.00000      0.00000      0.00000    -11.74482
198502      6.97752      6.98443      6.27740      6.27382      0.05800      0.07100      0.00000      0.00000      0.00000      0.00000      0.00000      0.94563     -0.95465
198503      6.97444      6.96950      6.29083      6.29913      0.04900      0.06500      0.00000      0.00000      0.00000      0.00000      0.00000      4.69489      6.63522
198504      6.97758      7.01645      6.29345      6.33452      0.04800      0.06500      0.00000      0.00000      0.00000      0.00000      0.00000      3.25394     15.21797
198601      7.01159      7.01101      6.28727      6.24727      0.04600      0.06100      0.00000      0.00000      0.00000      0.00000      0.00000      3.22768     -8.22886
198602      7.01664      7.02679      6.30152      6.30390      0.04600      0.05700      0.00000      0.00000      0.00000      0.00000      0.00000      3.20185      0.46163
198603      7.03175      7.02609      6.31101      6.32167      0.04600      0.05800      0.00000      0.00000      0.00000      0.00000      0.00000      2.72419      5.04305
198604      7.04585      7.05262      6.31989      6.36096      0.04700      0.06000      0.00000      0.00000      0.00000      0.00000      0.00000      1.80587     13.87940
198701      7.05729      7.05565      6.29229      6.26530      0.04200      0.05700      0.00000      0.00000      0.00000      0.00000      0.00000      2.69361     -8.89914
198702      7.06625      7.07598      6.31879      6.31065      0.03800      0.05500      0.00000      0.00000      0.00000      0.00000      0.00000      2.23090     -0.90090
198703      7.08222      7.07573      6.32528      6.33718      0.03900      0.06000      0.00000      0.00000      0.00000      0.00000      0.00000     -1.78373      0.90090
198704      7.08841      7.09549      6.33771      6.38182      0.04100      0.06200      0.00000      0.00000      0.00000      0.00000      0.00000      3.11632     14.57920
198801      7.10526      7.10187      6.33645      6.31282      0.03400      0.05800      0.00000      0.00000      0.00000      0.00000      0.00000      0.88594    -10.10488
198802      7.11546      7.12278      6.34564      6.34406      0.03600      0.06000      0.00000      0.00000      0.00000      0.00000      0.00000      3.08541      0.44469
198803      7.13178      7.12451      6.36078      6.37144      0.05100      0.06400      0.00000      0.00000      0.00000      0.00000      0.00000     -0.43932      1.77384
198804      7.13589      7.14431      6.37247      6.41133      0.05100      0.06200      0.00000      0.00000      0.00000      0.00000      0.00000      3.93661     15.19445
198901      7.15002      7.14615      6.38213      6.36217      0.06200      0.06800      0.00000      0.00000      0.00000      0.00000      0.00000      2.17038     -8.61174
198902      7.14624      7.15204      6.38319      6.39593      0.06800      0.07000      0.00000      0.00000      0.00000      0.00000      0.00000      2.15867      0.00000
198903      7.15510      7.14808      6.39109      6.40125      0.07100      0.06900      0.00000      0.00000      0.00000      0.00000      0.00000      2.14708      3.89824
198904      7.16078      7.17307      6.40341      6.44477      0.08100      0.07500      0.00000      0.00000      0.00000      0.00000      0.00000      4.25989     14.80867
199001      7.14946      7.15401      6.42697      6.41198      0.08500      0.08900      1.00000      0.00000      0.00000      0.00000      0.00000      3.37555     -6.27956
199002      7.15338      7.29937      6.43663      6.43583      0.08300      0.09000      0.00000      0.00000      1.00000      0.00000      0.00000      2.93042      0.84299
199003      7.15756      7.29974      6.45551      6.46412      0.08500      0.09100      0.00000      0.00000      0.00000      0.00000      0.00000      3.73640      4.60497
199004      7.17297      7.32628      6.46925      6.50623      0.09200      0.09000      0.00000      0.00000      0.00000      1.00000      0.00000      0.82559     11.48797
199101      7.30201      7.31185      6.55873      6.47512      0.09000      0.08500      0.00000      1.00000      0.00000      0.00000      0.00000      4.51056     -5.29270
199102      7.29307      7.30619      6.57136      6.50189      0.09000      0.08500      0.00000      0.00000      0.00000      0.00000      0.00000      7.27293      5.29270
199103      7.30075      7.30518      6.57060      6.50563      0.09200      0.08700      0.00000      0.00000      0.00000      0.00000      0.00000      2.79303      4.02418
199104      7.31407      7.34289      6.58648      6.52781      0.09500      0.08500      0.00000      0.00000      0.00000      0.00000      0.00000      3.56262     13.77411
199201      7.32416      7.32935      6.59959      6.57577      0.09700      0.08100      0.00000      0.00000      0.00000      0.00000      1.00000      4.70133     -1.93893
199202      7.33049      7.33775      6.59884      6.58865      0.09700      0.08300      0.00000      0.00000      0.00000      0.00000      0.00000      5.41594      3.86850
199203      7.34552      7.34842      6.60120      6.60259      0.09400      0.08000      0.00000      0.00000      0.00000      0.00000      0.00000      4.20453      6.87040
199204      7.35743      7.36223      6.60059      6.62433      0.09000      0.07300      0.00000      0.00000      0.00000      0.00000      0.00000      1.51803     12.66400
199301      7.36019      7.36536      6.58566      6.54420      0.07900      0.06400      0.00000      0.00000      0.00000      0.00000      0.00000      3.77006     -5.90962
199302      7.37608      7.37822      6.58877      6.57911      0.07600      0.06600      0.00000      0.00000      0.00000      0.00000      0.00000      4.84854      2.59621
199303      7.38972      7.37947      6.60050      6.59578      0.06600      0.06000      0.00000      0.00000      0.00000      0.00000      0.00000      0.37054      3.67988
199304      7.41502      7.43357      6.59940      6.60908      0.06100      0.05500      0.00000      0.00000      0.00000      0.00000      0.00000      1.84758     12.61934
199401      7.44214      7.44114      6.61173      6.56850      0.05800      0.06200      0.00000      0.00000      0.00000      0.00000      0.00000      3.30429     -7.16223
199402      7.45158      7.44960      6.62182      6.60435      0.05000      0.06900      0.00000      0.00000      0.00000      0.00000      0.00000      1.45986     -0.36150
199403      7.44547      7.43102      6.63151      6.61861      0.05000      0.07000      0.00000      0.00000      0.00000      0.00000      0.00000      0.72793      3.24180
199404      7.42767      7.42826      6.63879      6.63147      0.05400      0.07400      0.00000      0.00000      0.00000      0.00000      0.00000      1.81406     12.71069
DATE        MSUBP        MSUBPNSA     YSAL         YNSAL        RS           RL           DUM1         DUM2         DUM3         DUM4         DUM5         INFSA2      INFNSA2