194701     -6.26531     -5.71765     -5.12164      1.63252      1.63612      1.78826
194702     -6.24926     -5.70076     -5.10909      1.64687      1.64570      1.79593
194703     -6.25673     -5.70202     -5.11332      1.63502      1.63526      1.78120
194704     -6.28424     -5.71880     -5.12617      1.61772      1.62381      1.77392
194801     -6.29087     -5.71910     -5.11948      1.63008      1.63220      1.78616
194802     -6.27587     -5.71213     -5.11081      1.64059      1.63695      1.79042
194803     -6.30157     -5.72511     -5.11453      1.65956      1.65213      1.80437
194804     -6.28436     -5.71612     -5.10814      1.69700      1.67271      1.81765
194901     -6.27925     -5.71392     -5.10735      1.71944      1.69512      1.83220
194902     -6.28170     -5.71402     -5.10677      1.73417      1.71133      1.84126
194903     -6.28964     -5.72295     -5.11530      1.74587      1.72584      1.84758
194904     -6.29563     -5.71416     -5.11101      1.75575      1.73621      1.85214
195001     -6.27953     -5.70525     -5.09958      1.78090      1.76040      1.87248
195002     -6.27921     -5.69629     -5.08186      1.78292      1.76678      1.88166
195003     -6.27885     -5.68187     -5.06851      1.76729      1.75383      1.87537
195004     -6.28394     -5.69991     -5.07341      1.78355      1.76803      1.89367
195101     -6.25797     -5.67101     -5.05106      1.75908      1.75509      1.88940
195102     -6.25470     -5.67955     -5.05362      1.78051      1.77510      1.90825
195103     -6.23532     -5.65800     -5.03997      1.80091      1.79409      1.92030
195104     -6.24216     -5.64796     -5.03515      1.80156      1.80440      1.92732
195201     -6.24376     -5.65587     -5.03450      1.81071      1.81583      1.93648
195202     -6.21753     -5.63565     -5.01887      1.82347      1.82910      1.94407
195203     -6.20697     -5.62454     -5.00862      1.83193      1.83756      1.94923
195204     -6.20335     -5.61566     -4.99849      1.85052      1.84736      1.95677
195301     -6.19027     -5.61471     -4.99924      1.87415      1.86480      1.96404
195302     -6.19245     -5.61509     -4.99435      1.89662      1.88298      1.97843
195303     -6.20245     -5.62295     -4.99724      1.90278      1.89092      1.98111
195304     -6.20630     -5.62556     -5.00353      1.90353      1.89529      1.97896
195401     -6.19739     -5.62208     -4.99789      1.90986      1.89973      1.98191
195402     -6.20428     -5.62794     -4.99220      1.90859      1.90168      1.98650
195403     -6.18591     -5.61586     -4.97912      1.92695      1.91504      1.99658
195404     -6.17395     -5.60243     -4.96923      1.94153      1.92839      2.00422
195501     -6.17447     -5.59814     -4.96225      1.94751      1.93392      2.00751
195502     -6.16417     -5.58564     -4.95513      1.96153      1.94515      2.01512
195503     -6.16001     -5.57986     -4.94994      1.98098      1.96256      2.02899
195504     -6.14779     -5.56232     -4.93335      1.99403      1.97127      2.03404
195601     -6.13532     -5.55490     -4.92651      2.00716      1.98118      2.04125
195602     -6.14268     -5.56117     -4.92627      2.01263      1.98788      2.05006
195603     -6.14562     -5.56504     -4.92461      2.01768      1.99326      2.05671
195604     -6.14136     -5.55994     -4.91687      2.02514      2.00067      2.06208
195701     -6.14020     -5.55834     -4.91506      2.03079      2.00701      2.06830
195702     -6.13401     -5.55708     -4.91297      2.03819      2.01339      2.07439
195703     -6.12761     -5.54650     -4.90662      2.03670      2.01526      2.07642
195704     -6.13229     -5.55379     -4.90700      2.04496      2.02307      2.08095
195801     -6.14871     -5.56811     -4.91545      2.02358      2.01380      2.07550
195802     -6.15132     -5.56289     -4.90584      2.03033      2.02556      2.08672
195803     -6.14544     -5.54858     -4.89373      2.05734      2.04945      2.10546
195804     -6.13948     -5.54075     -4.88962      2.06235      2.05506      2.10544
195901     -6.13034     -5.53585     -4.88194      2.06986      2.05821      2.10979
195902     -6.12765     -5.53470     -4.87534      2.08044      2.06148      2.11280
195903     -6.12487     -5.53278     -4.86984      2.08404      2.06595      2.11492
195904     -6.12055     -5.53093     -4.86460      2.09080      2.06752      2.11538
196001     -6.12852     -5.53468     -4.86470      2.11054      2.08713      2.13111
196002     -6.12039     -5.52627     -4.85680      2.10924      2.08775      2.13235
196003     -6.13100     -5.53549     -4.86329      2.11375      2.09078      2.13372
196004     -6.13490     -5.53793     -4.86186      2.11224      2.09322      2.13578
196101     -6.12763     -5.53791     -4.85807      2.11891      2.09671      2.14147
196102     -6.12352     -5.53023     -4.84680      2.13433      2.11295      2.15425
196103     -6.12967     -5.53586     -4.85073      2.13930      2.11290      2.15373
196104     -6.12165     -5.52410     -4.83707      2.15122      2.12291      2.16232
196201     -6.12133     -5.51585     -4.82960      2.15940      2.13588      2.17427
196202     -6.12387     -5.51725     -4.82514      2.15854      2.13332      2.17204
196203     -6.11858     -5.51272     -4.82132      2.16189      2.13762      2.17428
196204     -6.12344     -5.51013     -4.81739      2.16841      2.14467      2.18005
196301     -6.12985     -5.50953     -4.81618      2.17468      2.15702      2.19091
196302     -6.12889     -5.51426     -4.81655      2.17888      2.15588      2.18939
196303     -6.13075     -5.51088     -4.80690      2.17816      2.15741      2.19287
196304     -6.13011     -5.51389     -4.80416      2.18856      2.16899      2.20296
196401     -6.12172     -5.50092     -4.79118      2.19826      2.17925      2.21602
196402     -6.10746     -5.48628     -4.77915      2.20661      2.18706      2.22143
196403     -6.09991     -5.47173     -4.76749      2.21534      2.19969      2.23216
196404     -6.09967     -5.47308     -4.76502      2.21578      2.20085      2.23144
196501     -6.09007     -5.46742     -4.76016      2.21895      2.19888      2.22847
196502     -6.08852     -5.46229     -4.75222      2.21279      2.19791      2.23002
196503     -6.07936     -5.44970     -4.74107      2.21933      2.20740      2.23830
196504     -6.05016     -5.42391     -4.72109      2.22954      2.21574      2.24690
196601     -6.05485     -5.42197     -4.71691      2.22086      2.21169      2.24740
196602     -6.05664     -5.41558     -4.70933      2.22455      2.21951      2.25478
196603     -6.05616     -5.40968     -4.70483      2.23596      2.23158      2.26414
196604     -6.06582     -5.41633     -4.70420      2.24037      2.23568      2.26703
196701     -6.05549     -5.41128     -4.69693      2.25506      2.24513      2.27527
196702     -6.05692     -5.41017     -4.69145      2.26802      2.25405      2.28357
196703     -6.06184     -5.41578     -4.68966      2.27104      2.25559      2.28719
196704     -6.05555     -5.41343     -4.68744      2.28014      2.26562      2.29551
196801     -6.04520     -5.39777     -4.67642      2.29278      2.27905      2.30748
196802     -6.03453     -5.39278     -4.66753      2.30203      2.28445      2.31398
196803     -6.02163     -5.38129     -4.65748      2.30931      2.29030      2.31949
196804     -6.02638     -5.38768     -4.65691      2.31388      2.29607      2.32565
196901     -6.02310     -5.38266     -4.65168      2.31814      2.29906      2.32737
196902     -6.02469     -5.38218     -4.64840      2.31902      2.30064      2.32916
196903     -6.02990     -5.38418     -4.64585      2.32433      2.30941      2.33918
196904     -6.02796     -5.38288     -4.64067      2.32474      2.31572      2.34507
197001     -6.01762     -5.37686     -4.63609      2.32396      2.32060      2.34877
197002     -6.01633     -5.38029     -4.63817      2.33637      2.33156      2.35841
197003     -6.01335     -5.37854     -4.63430      2.35599      2.35031      2.37365
197004     -6.01592     -5.37903     -4.63475      2.35086      2.34090      2.36157
197101     -6.02180     -5.38194     -4.63446      2.37260      2.36117      2.37726
197102     -6.02986     -5.38529     -4.63447      2.36930      2.36443      2.37873
197103     -6.04136     -5.39379     -4.63772      2.37449      2.36754      2.37990
197104     -6.04344     -5.39508     -4.63475      2.37453      2.36784      2.37890
197201     -6.05323     -5.39752     -4.63343      2.38332      2.38437      2.39346
197202     -6.03206     -5.38093     -4.62327      2.38723      2.38775      2.39552
197203     -6.03244     -5.37332     -4.61681      2.38664      2.39141      2.39866
197204     -6.03090     -5.36065     -4.60293      2.38942      2.39876      2.40742
197301     -6.04179     -5.35762     -4.60212      2.38109      2.40224      2.41551
197302     -6.06822     -5.37301     -4.60640      2.35254      2.38617      2.40765
197303     -6.07073     -5.37275     -4.60536      2.32832      2.37750      2.40461
197304     -6.08938     -5.38528     -4.61150      2.31266      2.36325      2.39964
197401     -6.10257     -5.41198     -4.62590      2.28965      2.32678      2.38134
197402     -6.10826     -5.41631     -4.62552      2.29620      2.32428      2.38302
197403     -6.08924     -5.41413     -4.62522      2.30295      2.32358      2.38278
197404     -6.10159     -5.42858     -4.63036      2.29132      2.32300      2.38256
197501     -6.09733     -5.42891     -4.62933      2.30674      2.33478      2.39058
197502     -6.08322     -5.41743     -4.61814      2.31995      2.34379      2.39769
197503     -6.09178     -5.42017     -4.62065      2.31160      2.33759      2.39419
197504     -6.09469     -5.42259     -4.61911      2.31686      2.34284      2.39533
197601     -6.07617     -5.40603     -4.60701      2.33912      2.36194      2.40550
197602     -6.06507     -5.39796     -4.60385      2.35993      2.38029      2.41685
197603     -6.05726     -5.39276     -4.59739      2.36849      2.38486      2.41783
197604     -6.05137     -5.38367     -4.58691      2.38233      2.39603      2.42264
197701     -6.03516     -5.37839     -4.58146      2.38604      2.39811      2.42154
197702     -6.03878     -5.38513     -4.58602      2.38565      2.39557      2.41659
197703     -6.05270     -5.38865     -4.58192      2.38796      2.40009      2.41704
197704     -6.05050     -5.37594     -4.57340      2.39525      2.40889      2.42294
197801     -6.04451     -5.37364     -4.56728      2.39313      2.41739      2.42861
197802     -6.05964     -5.37354     -4.56094      2.36640      2.40041      2.41802
197803     -6.06156     -5.37226     -4.55896      2.36284      2.40025      2.41856
197804     -6.05676     -5.36008     -4.55396      2.36529      2.40462      2.42187
197901     -6.06098     -5.36469     -4.55107      2.35440      2.40146      2.42451
197902     -6.06283     -5.37427     -4.55378      2.35745      2.38899      2.42002
197903     -6.05056     -5.37373     -4.55500      2.36040      2.37223      2.40675
197904     -6.03815     -5.37083     -4.55008      2.36715      2.37141      2.40626
198001     -6.03086     -5.38067     -4.55421      2.37804      2.36280      2.40031
198002     -6.04581     -5.39373     -4.56533      2.38269      2.36516      2.40102
198003     -6.05959     -5.39919     -4.56301      2.37492      2.36720      2.40143
198004     -6.06995     -5.40055     -4.55874      2.37246      2.37059      2.40475
198101     -6.06855     -5.40165     -4.56385      2.37612      2.36761      2.40250
198102     -6.06904     -5.40337     -4.56160      2.38638      2.37411      2.40400
198103     -6.07599     -5.40649     -4.56380      2.39458      2.38650      2.40861
198104     -6.07377     -5.40923     -4.56527      2.40416      2.39360      2.40840
198201     -6.07978     -5.41349     -4.56604      2.41365      2.41245      2.42266
198202     -6.07168     -5.41119     -4.56439      2.41702      2.42396      2.42605
198203     -6.06357     -5.40826     -4.56274      2.43131      2.42976      2.42770
198204     -6.05841     -5.40382     -4.55654      2.44389      2.43958      2.42997
198301     -6.05098     -5.39662     -4.55140      2.45516      2.45505      2.43460
198302     -6.04870     -5.38734     -4.54087      2.44832      2.44893      2.42905
198303     -6.03319     -5.37706     -4.53329      2.45346      2.44811      2.42511
198304     -6.03630     -5.37190     -4.52724      2.45674      2.45589      2.42764
198401     -6.04381     -5.37384     -4.52707      2.44879      2.45655      2.42847
198402     -6.03276     -5.35970     -4.51663      2.45331      2.46133      2.42823
198403     -6.02765     -5.36067     -4.51474      2.45387      2.46635      2.42837
198404     -6.02974     -5.36178     -4.51009      2.45955      2.47076      2.43023
198501     -6.02539     -5.35559     -4.49883      2.46799      2.48004      2.43573
198502     -6.01573     -5.35227     -4.49481      2.47398      2.47838      2.43370
198503     -6.00987     -5.34662     -4.48756      2.48008      2.48442      2.43379
198504     -6.00576     -5.33986     -4.47877      2.47956      2.48636      2.43311
198601     -5.99808     -5.33113     -4.47551      2.48956      2.50732      2.44456
198602     -5.99614     -5.32280     -4.47310      2.49184      2.53138      2.45251
198603     -6.00839     -5.32645     -4.47367      2.48219      2.53418      2.45126
198604     -6.00191     -5.32438     -4.46800      2.48380      2.54079      2.45342
198701     -5.99433     -5.32044     -4.45989      2.48199      2.52762      2.44532
198702     -5.99986     -5.32085     -4.45572      2.47860      2.52273      2.44243
198703     -5.99945     -5.32241     -4.45275      2.48677      2.52584      2.44440
198704     -5.99774     -5.32274     -4.45048      2.49148      2.52873      2.44550
198801     -5.99477     -5.31912     -4.44262      2.49605      2.53665      2.44975
198802     -5.98881     -5.31654     -4.43869      2.49434      2.53420      2.44817
198803     -5.98736     -5.30898     -4.43049      2.48838      2.53471      2.44927
198804     -5.98916     -5.30826     -4.42878      2.48772      2.53454      2.44772
198901     -5.98724     -5.30954     -4.42959      2.47829      2.52493      2.43973
198902     -5.99911     -5.31597     -4.43050      2.47023      2.51032      2.43288
198903     -5.99901     -5.30867     -4.42375      2.47187      2.51872      2.43465
198904     -6.00708     -5.31133     -4.42170      2.46234      2.51221      2.42630
199001     -6.01550     -5.32148     -4.42692      2.44573      2.49488      2.42034
199002     -6.01356     -5.32850     -4.42369      2.45214      2.49980      2.42369
199003     -6.01569     -5.32516     -4.41931      2.45264      2.49434      2.42003
199004     -6.02825     -5.34261     -4.42504      2.45203      2.47994      2.41316
