SPOTUK1L	SPOTFR1L	SPOTYEN1L	SPOTUK3L	SPOTFR3L	SPOTYEN3L	FOR1UKL	FOR1FRL	FOR1YENL	FOR3UKL	FOR3FRL	FOR3YENL
0.70547	-1.50193	-5.71171	0.60922	-1.53991	-5.70059	0.70329	-1.50237	-5.71656	0.69516	-1.50728	-5.71687
0.6254	-1.54318	-5.70149	0.56475	-1.55259	-5.70388	0.70231	-1.50641	-5.71202	0.69615	-1.51487	-5.71232
0.60922	-1.53991	-5.70059	0.58294	-1.55685	-5.69433	0.62047	-1.55017	-5.70268	0.6129	-1.5608	-5.70268
0.56475	-1.55259	-5.70388	0.57914	-1.59307	-5.68134	0.60486	-1.54364	-5.70059	0.59548	-1.55196	-5.70059
0.58294	-1.55685	-5.69433	0.57239	-1.59603	-5.66245	0.55967	-1.55541	-5.70538	0.55009	-1.56199	-5.70598
0.57914	-1.59307	-5.68134	0.50712	-1.60048	-5.65986	0.57594	-1.55969	-5.69492	0.56343	-1.5658	-5.69522
0.57239	-1.59603	-5.66245	0.46687	-1.60994	-5.68427	0.5729	-1.59749	-5.68222	0.56082	-1.60771	-5.68339
0.50712	-1.60048	-5.65986	0.50772	-1.60944	-5.69641	0.56503	-1.60046	-5.66331	0.55129	-1.60877	-5.66389
0.46687	-1.60994	-5.68427	0.53092	-1.60246	-5.67958	0.51838	-1.60641	-5.66101	0.47779	-1.61719	-5.66302
0.50772	-1.60944	-5.69641	0.53842	-1.60594	-5.6688	0.48037	-1.61692	-5.68457	0.42821	-1.62876	-5.68663
0.53092	-1.60246	-5.67958	0.53532	-1.60644	-5.64222	0.51701	-1.61542	-5.6982	0.48045	-1.62679	-5.69879
0.53842	-1.60594	-5.6688	0.54192	-1.60395	-5.62101	0.5411	-1.60939	-5.68104	0.5044	-1.62116	-5.68339
0.53532	-1.60644	-5.64222	0.54174	-1.59998	-5.62654	0.54841	-1.61141	-5.66967	0.51962	-1.62226	-5.67112
0.54192	-1.60395	-5.62101	0.54099	-1.59899	-5.62156	0.52863	-1.61141	-5.64306	0.51563	-1.62177	-5.64561
0.54174	-1.59998	-5.62654	0.54203	-1.59307	-5.58733	0.53807	-1.60842	-5.62266	0.53111	-1.6163	-5.62516
0.54099	-1.59899	-5.62156	0.55187	-1.58817	-5.58653	0.53883	-1.60443	-5.62682	0.53258	-1.61228	-5.62766
0.54203	-1.59307	-5.58733	0.55475	-1.59258	-5.59108	0.53579	-1.60294	-5.62156	0.52886	-1.6108	-5.62128
0.55187	-1.58817	-5.58653	0.55819	-1.5867	-5.57354	0.53935	-1.59602	-5.58733	0.53309	-1.60287	-5.58787
0.55475	-1.59258	-5.59108	0.57515	-1.57891	-5.52271	0.55049	-1.59548	-5.58653	0.54638	-1.60323	-5.58653
0.55819	-1.5867	-5.57354	0.60103	-1.57697	-5.49069	0.554	-1.59651	-5.59028	0.55199	-1.60382	-5.5884
0.57515	-1.57891	-5.52271	0.65128	-1.54834	-5.47864	0.55893	-1.58866	-5.57091	0.55951	-1.59206	-5.56698
0.60103	-1.57697	-5.49069	0.66269	-1.58817	-5.48851	0.57695	-1.5823	-5.52021	0.57999	-1.58712	-5.51598
0.65128	-1.54834	-5.47864	0.66238	-1.55922	-5.46839	0.60142	-1.58372	-5.48754	0.60033	-1.59471	-5.48224
0.66269	-1.58817	-5.48851	0.62219	-1.51186	-5.39924	0.65154	-1.55351	-5.47386	0.65268	-1.56375	-5.46626
0.66238	-1.55922	-5.46839	0.60076	-1.53155	-5.4171	0.66279	-1.59936	-5.48585	0.66279	-1.61139	-5.4808
0.62219	-1.51186	-5.39924	0.60048	-1.52372	-5.39902	0.66238	-1.56585	-5.46461	0.66108	-1.57524	-5.45684
0.60076	-1.53155	-5.4171	0.62111	-1.50598	-5.31648	0.62224	-1.51321	-5.39395	0.62171	-1.51592	-5.38431
0.60048	-1.52372	-5.39902	0.65596	-1.47666	-5.24896	0.59795	-1.5334	-5.41238	0.59404	-1.53708	-5.40323
0.62111	-1.50598	-5.31648	0.66732	-1.47055	-5.25277	0.59801	-1.52509	-5.39527	0.59316	-1.52783	-5.38671
0.65596	-1.47666	-5.24896	0.67981	-1.46534	-5.24118	0.61843	-1.50824	-5.31181	0.61374	-1.51047	-5.30273
0.66732	-1.47055	-5.25277	0.68587	-1.4593	-5.24137	0.65389	-1.47709	-5.24269	0.64962	-1.47885	-5.23365
0.67981	-1.46534	-5.24118	0.65985	-1.49343	-5.30837	0.66516	-1.47098	-5.24762	0.66115	-1.47098	-5.23741
0.68587	-1.4593	-5.24137	0.71148	-1.43339	-5.26818	0.67686	-1.4675	-5.23572	0.67084	-1.46836	-5.2247
0.65985	-1.49343	-5.30837	0.68284	-1.46664	-5.30554	0.68421	-1.45758	-5.23384	0.68078	-1.45584	-5.21821
0.71148	-1.43339	-5.26818	0.70384	-1.455	-5.32528	0.6583	-1.49076	-5.30032	0.65436	-1.48719	-5.28422
0.68284	-1.46664	-5.30554	0.72513	-1.45801	-5.34562	0.7105	-1.43339	-5.25852	0.70923	-1.4296	-5.23967
0.70384	-1.455	-5.32528	0.71955	-1.47294	-5.39307	0.68012	-1.46447	-5.29832	0.67438	-1.46054	-5.29075
0.72513	-1.45801	-5.34562	0.72827	-1.48944	-5.39946	0.702	-1.45243	-5.31893	0.69913	-1.44856	-5.30756
0.71955	-1.47294	-5.39307	0.77978	-1.45158	-5.38213	0.72344	-1.45564	-5.34227	0.72177	-1.45133	-5.33519
0.72827	-1.48944	-5.39946	0.81934	-1.4486	-5.37931	0.71843	-1.47163	-5.38802	0.71564	-1.4677	-5.37953
0.77978	-1.45158	-5.38213	0.81226	-1.44966	-5.39549	0.72697	-1.49032	-5.39549	0.72494	-1.49298	-5.38693
0.81934	-1.4486	-5.37931	0.78914	-1.4112	-5.41395	0.77678	-1.4517	-5.37714	0.77127	-1.45288	-5.37024
0.81226	-1.44966	-5.39549	0.72634	-1.43276	-5.45778	0.81695	-1.45072	-5.37455	0.81151	-1.45114	-5.36681
0.78914	-1.4112	-5.41395	0.78891	-1.40283	-5.51971	0.81022	-1.44978	-5.39175	0.80738	-1.45071	-5.38366
0.72634	-1.43276	-5.45778	0.80379	-1.39131	-5.48176	0.78832	-1.41161	-5.40903	0.78586	-1.41305	-5.39969
0.78891	-1.40283	-5.51971	0.8222	-1.40691	-5.48248	0.72755	-1.43129	-5.44937	0.72804	-1.43066	-5.43781
0.80379	-1.39131	-5.48176	0.82176	-1.42545	-5.52547	0.78687	-1.40181	-5.51473	0.78277	-1.40223	-5.50682
0.8222	-1.40691	-5.48248	0.77473	-1.49121	-5.51946	0.80173	-1.39111	-5.47673	0.79873	-1.39031	-5.46721
0.82176	-1.42545	-5.52547	0.81359	-1.44753	-5.48152	0.81889	-1.40568	-5.47768	0.81404	-1.40322	-5.46792
0.77473	-1.49121	-5.51946	0.85015	-1.42089	-5.40724	0.81978	-1.42275	-5.51996	0.8178	-1.41878	-5.51003
0.81359	-1.44753	-5.48152	0.85378	-1.41059	-5.38366	0.77519	-1.48609	-5.51697	0.77725	-1.47825	-5.51151
0.85015	-1.42089	-5.40724	0.84673	-1.4242	-5.42592	0.81005	-1.44668	-5.48008	0.80692	-1.4454	-5.47912
0.85378	-1.41059	-5.38366	0.87359	-1.42691	-5.39153	0.84458	-1.42212	-5.40992	0.83395	-1.42707	-5.41418
0.84673	-1.4242	-5.42592	0.87087	-1.43506	-5.33519	0.84694	-1.41325	-5.38693	0.83762	-1.41811	-5.39087
0.87359	-1.42691	-5.39153	0.89015	-1.47819	-5.35383	0.84092	-1.42544	-5.42797	0.83182	-1.42752	-5.43116
0.87087	-1.43506	-5.33519	0.85803	-1.49745	-5.37844	0.86878	-1.42732	-5.39219	0.86268	-1.42691	-5.39109
0.89015	-1.47819	-5.35383	0.87046	-1.52061	-5.30918	0.86891	-1.43338	-5.3327	0.86621	-1.43191	-5.32857
0.85803	-1.49745	-5.37844	0.86521	-1.58371	-5.32775	0.88851	-1.47446	-5.34982	0.88599	-1.46784	-5.34081
0.87046	-1.52061	-5.30918	0.788	-1.61343	-5.34751	0.86264	-1.48992	-5.37067	0.86706	-1.48206	-5.35998
0.86521	-1.58371	-5.32775	0.79027	-1.61064	-5.36638	0.87588	-1.51209	-5.29792	0.88046	-1.50425	-5.2858
0.788	-1.61343	-5.34751	0.7601	-1.66108	-5.37693	0.86794	-1.57808	-5.32056	0.87484	-1.56773	-5.30534
0.79027	-1.61064	-5.36638	0.72755	-1.69562	-5.41149	0.79055	-1.61023	-5.34143	0.79751	-1.60689	-5.32775
0.7601	-1.66108	-5.37693	0.63843	-1.74746	-5.43071	0.79209	-1.61004	-5.36019	0.79616	-1.61224	-5.34856
0.72755	-1.69562	-5.41149	0.62219	-1.76165	-5.47697	0.76444	-1.65755	-5.36724	0.77265	-1.6531	-5.35151
0.63843	-1.74746	-5.43071	0.61275	-1.77411	-5.43735	0.73227	-1.70098	-5.40257	0.74777	-1.70363	-5.38606
0.62219	-1.76165	-5.47697	0.60623	-1.7011	-5.4415	0.64501	-1.75006	-5.41958	0.65206	-1.75436	-5.40323
0.61275	-1.77411	-5.43735	0.61573	-1.73254	-5.451	0.62594	-1.76506	-5.46697	0.63286	-1.77053	-5.44705
0.60623	-1.7011	-5.4415	0.67192	-1.72419	-5.37261	0.61627	-1.78659	-5.4282	0.6247	-1.80019	-5.40858
0.61573	-1.73254	-5.451	0.64579	-1.74178	-5.39131	0.60683	-1.71539	-5.43345	0.6089	-1.72333	-5.41553
0.67192	-1.72419	-5.37261	0.63488	-1.76985	-5.42934	0.61508	-1.73333	-5.44381	0.61513	-1.73648	-5.42888
0.64579	-1.74178	-5.39131	0.59801	-1.80418	-5.46674	0.66885	-1.72844	-5.36874	0.66525	-1.73575	-5.36126
0.63488	-1.76985	-5.42934	0.58222	-1.83138	-5.50707	0.64453	-1.74318	-5.38453	0.64234	-1.74871	-5.3711
0.59801	-1.80418	-5.46674	0.58612	-1.80583	-5.46178	0.63467	-1.77053	-5.42275	0.63526	-1.77205	-5.4088
0.58222	-1.83138	-5.50707	0.58361	-1.81156	-5.49385	0.59884	-1.80427	-5.45919	0.60148	-1.80583	-5.4445
0.58612	-1.80583	-5.46178	0.5513	-1.92221	-5.5432	0.58417	-1.84085	-5.49994	0.58723	-1.85383	-5.48609
0.58361	-1.81156	-5.49385	0.55302	-1.92132	-5.54524	0.58784	-1.81032	-5.45427	0.58996	-1.82227	-5.44196
0.5513	-1.92221	-5.5432	0.55216	-1.93586	-5.54601	0.58478	-1.8232	-5.4873	0.58706	-1.84003	-5.47482
0.55302	-1.92132	-5.54524	0.52845	-1.96474	-5.59349	0.55377	-1.92191	-5.53556	0.55916	-1.92366	-5.52096
0.55216	-1.93586	-5.54601	0.51641	-1.98004	-5.62571	0.55366	-1.92366	-5.54039	0.55696	-1.92884	-5.52949
0.52845	-1.96474	-5.59349	0.49531	-1.93224	-5.51027	0.5525	-1.94051	-5.54243	0.55428	-1.95784	-5.53531
0.51641	-1.98004	-5.62571	0.47903	-1.90658	-5.45825	0.5291	-1.96822	-5.58974	0.53132	-1.97913	-5.58254
0.49531	-1.93224	-5.51027	0.43068	-1.93188	-5.46674	0.51653	-1.98822	-5.62294	0.51818	-2.00463	-5.61797
0.47903	-1.90658	-5.45825	0.42265	-1.92366	-5.45966	0.4947	-1.93941	-5.5083	0.49488	-1.95396	-5.50411
0.43068	-1.93188	-5.46674	0.39407	-1.98479	-5.47625	0.47822	-1.91826	-5.45544	0.47667	-1.94178	-5.45193
0.42265	-1.92366	-5.45966	0.44552	-1.99776	-5.46982	0.42899	-1.93655	-5.46437	0.42557	-1.95596	-5.45966
0.39407	-1.98479	-5.47625	0.4452	-2.03353	-5.47529	0.42077	-1.93443	-5.45755	0.41711	-1.95599	-5.45357
0.44552	-1.99776	-5.46982	0.42833	-2.03012	-5.47482	0.39313	-1.98725	-5.47362	0.39176	-1.99258	-5.46792
0.4452	-2.03353	-5.47529	0.41924	-2.07418	-5.48851	0.44449	-2.00066	-5.46721	0.44269	-2.00778	-5.46248
0.42833	-2.03012	-5.47482	0.40199	-2.09532	-5.50854	0.44449	-2.03613	-5.47291	0.44335	-2.04447	-5.46768
0.41924	-2.07418	-5.48851	0.40279	-2.08019	-5.46319	0.42853	-2.03208	-5.47219	0.42879	-2.04078	-5.46674
0.40199	-2.09532	-5.50854	0.40213	-2.07594	-5.44961	0.41969	-2.07594	-5.48537	0.42056	-2.08225	-5.47912
0.40279	-2.08019	-5.46319	0.37741	-2.10633	-5.44937	0.40246	-2.09771	-5.50583	0.40369	-2.1071	-5.4997
0.40213	-2.07594	-5.44961	0.37191	-2.12046	-5.4445	0.40279	-2.08268	-5.46084	0.40332	-2.09126	-5.45567
0.37741	-2.10633	-5.44937	0.35557	-2.13299	-5.45077	0.40259	-2.07812	-5.44682	0.40345	-2.084	-5.44126
0.37191	-2.12046	-5.4445	0.3944	-2.07443	-5.45054	0.37816	-2.10833	-5.44659	0.37911	-2.1138	-5.44103
0.35557	-2.13299	-5.45077	0.36485	-2.07694	-5.41306	0.3726	-2.12255	-5.44126	0.37391	-2.12863	-5.43551
0.3944	-2.07443	-5.45054	0.33897	-2.11354	-5.42071	0.35607	-2.13646	-5.44798	0.35682	-2.14566	-5.44242
0.36485	-2.07694	-5.41306	0.33254	-2.11716	-5.44057	0.39521	-2.07892	-5.44775	0.39742	-2.08947	-5.44103
0.33897	-2.11354	-5.42071	0.30195	-2.14476	-5.46816	0.36644	-2.07882	-5.40925	0.36954	-2.0856	-5.4019
0.33254	-2.11716	-5.44057	0.2799	-2.18042	-5.49263	0.34088	-2.11451	-5.41665	0.34463	-2.11684	-5.40858
0.30195	-2.14476	-5.46816	0.27056	-2.18155	-5.48682	0.33403	-2.11724	-5.43666	0.33695	-2.11751	-5.42683
0.2799	-2.18042	-5.49263	0.21592	-2.23644	-5.50411	0.3046	-2.1447	-5.46319	0.30898	-2.14506	-5.45287
0.27056	-2.18155	-5.48682	0.22634	-2.20138	-5.48754	0.2796	-2.18064	-5.48803	0.27968	-2.18082	-5.47888
0.21592	-2.23644	-5.50411	0.18357	-2.2476	-5.50904	0.27155	-2.18076	-5.48224	0.27428	-2.17997	-5.47267
0.22634	-2.20138	-5.48754	0.15186	-2.26281	-5.52196	0.21648	-2.23649	-5.49994	0.21809	-2.23682	-5.49117
0.18357	-2.2476	-5.50904	0.12045	-2.27187	-5.54627	0.22586	-2.20183	-5.48465	0.22609	-2.20358	-5.47864
0.15186	-2.26281	-5.52196	0.06906	-2.3263	-5.56541	0.18307	-2.24903	-5.50707	0.18282	-2.2514	-5.5019
0.12045	-2.27187	-5.54627	0.21672	-2.23751	-5.52547	0.15109	-2.26458	-5.51971	0.14946	-2.26745	-5.51548
0.06906	-2.3263	-5.56541	0.19021	-2.27675	-5.53429	0.11724	-2.27321	-5.54422	0.11191	-2.27678	-5.53988
0.21672	-2.23751	-5.52547	0.24083	-2.24151	-5.52874	0.06436	-2.32728	-5.56306	0.05835	-2.33019	-5.55735
0.19021	-2.27675	-5.53429	0.26697	-2.22462	-5.51647	0.21292	-2.239	-5.52321	0.20718	-2.24195	-5.51847
0.24083	-2.24151	-5.52874	0.31115	-2.15263	-5.46958	0.18655	-2.27823	-5.53227	0.18038	-2.28115	-5.52823
0.26697	-2.22462	-5.51647	0.33626	-2.13948	-5.46745	0.23679	-2.24352	-5.52748	0.22931	-2.24761	-5.52497
0.31115	-2.15263	-5.46958	0.34075	-2.09924	-5.38912	0.26281	-2.227	-5.51498	0.25553	-2.23189	-5.5125
0.33626	-2.13948	-5.46745	0.36186	-2.07474	-5.34583	0.30799	-2.15553	-5.46816	0.30292	-2.16293	-5.46484
0.34075	-2.09924	-5.38912	0.39945	-2.03471	-5.30675	0.33295	-2.14083	-5.46603	0.32742	-2.14588	-5.46319
0.36186	-2.07474	-5.34583	0.3636	-2.02287	-5.30958	0.33746	-2.10096	-5.3878	0.33231	-2.10593	-5.38475
0.39945	-2.03471	-5.30675	0.34536	-1.99027	-5.2616	0.35878	-2.07578	-5.34541	0.35262	-2.07893	-5.34478
0.3636	-2.02287	-5.30958	0.37981	-1.91839	-5.19108	0.39648	-2.03575	-5.30695	0.39109	-2.03884	-5.30554
0.34536	-1.99027	-5.2616	0.39339	-1.96781	-5.18964	0.36053	-2.02518	-5.30857	0.35423	-2.03425	-5.30595
0.37981	-1.91839	-5.19108	0.41772	-1.94876	-5.13229	0.34173	-1.99535	-5.26006	0.33362	-2.00918	-5.25698
0.39339	-1.96781	-5.18964	0.38628	-2.00013	-5.16099	0.37567	-1.92422	-5.18964	0.36867	-1.93416	-5.18606
0.41772	-1.94876	-5.13229	0.43502	-1.93586	-5.08288	0.38973	-1.97338	-5.18767	0.3836	-1.97893	-5.1841
0.38628	-2.00013	-5.16099	0.39878	-1.91471	-5.03657	0.41422	-1.94954	-5.13009	0.40871	-1.95076	-5.12655
0.43502	-1.93586	-5.08288	0.39642	-1.89687	-5.04089	0.38355	-2.00039	-5.1589	0.37908	-2.00087	-5.15508
0.39878	-1.91471	-5.03657	0.36443	-1.87763	-5.03534	0.43223	-1.93614	-5.08063	0.42717	-1.93736	-5.0771
0.39642	-1.89687	-5.04089	0.34146	-1.90583	-5.09554	0.39567	-1.91537	-5.03503	0.38994	-1.91677	-5.03227
0.36443	-1.87763	-5.03534	0.36186	-1.86718	-5.08176	0.39284	-1.898	-5.03996	0.38597	-1.90074	-5.03842
0.34146	-1.90583	-5.09554	0.40012	-1.84767	-5.06325	0.36045	-1.88037	-5.03411	0.35175	-1.88443	-5.03227
0.36186	-1.86718	-5.08176	0.41244	-1.80829	-5.0315	0.33724	-1.90702	-5.09407	0.32842	-1.91042	-5.09195
0.40012	-1.84767	-5.06325	0.43729	-1.80533	-5.03181	0.35779	-1.86834	-5.08015	0.34908	-1.87269	-5.07758
0.41244	-1.80829	-5.0315	0.47841	-1.79716	-4.98088	0.39621	-1.85189	-5.06135	0.38845	-1.8611	-5.05851
0.43729	-1.80533	-5.03181	0.51252	-1.78255	-4.94457	0.40859	-1.81012	-5.03012	0.40019	-1.81497	-5.02661
0.47841	-1.79716	-4.98088	0.48735	-1.80377	-4.96844	0.43334	-1.80703	-5.03089	0.4265	-1.81062	-5.02631
0.51252	-1.78255	-4.94457	0.47561	-1.81116	-4.99999	0.47548	-1.79848	-4.97856	0.47012	-1.80113	-4.97392
0.48735	-1.80377	-4.96844	0.46468	-1.82253	-5.00894	0.5103	-1.78355	-4.94162	0.50776	-1.78547	-4.93562
0.47561	-1.81116	-4.99999	0.48723	-1.80171	-4.95871	0.48581	-1.80446	-4.96557	0.48334	-1.80607	-4.9597
0.46468	-1.82253	-5.00894	0.48428	-1.81278	-4.98497	0.47355	-1.81209	-4.99703	0.46977	-1.81428	-4.99186
0.48723	-1.80171	-4.95871	0.5432	-1.76985	-4.92869	0.46267	-1.82337	-5.0061	0.45884	-1.82523	-5.00103
0.48428	-1.81278	-4.98497	0.59167	-1.72944	-4.89592	0.48483	-1.80316	-4.95586	0.47922	-1.80401	-4.95062
0.5432	-1.76985	-4.92869	0.6334	-1.67429	-4.79657	0.48224	-1.81278	-4.98176	0.47939	-1.81441	-4.97594
0.59167	-1.72944	-4.89592	0.57013	-1.73122	-4.84928	0.54128	-1.77155	-4.92606	0.53901	-1.77325	-4.92029
0.6334	-1.67429	-4.79657	0.57205	-1.74236	-4.85338	0.59062	-1.73032	-4.89259	0.58846	-1.73261	-4.88727
0.57013	-1.73122	-4.84928	0.63525	-1.72544	-4.82171	0.63234	-1.67551	-4.79379	0.63022	-1.67903	-4.78837
0.57205	-1.74236	-4.85338	0.63366	-1.73554	-4.82819	0.56866	-1.73175	-4.84699	0.5655	-1.73394	-4.84254
0.63525	-1.72544	-4.82171	0.58695	-1.76259	-4.83496	0.57008	-1.74271	-4.85107	0.56629	-1.74473	-4.84673
0.63366	-1.73554	-4.82819	0.53033	-1.81499	-4.89954	0.63404	-1.72612	-4.81898	0.63137	-1.72899	-4.81441
0.58695	-1.76259	-4.83496	0.54	-1.83976	-4.88806	0.63292	-1.73633	-4.82519	0.63116	-1.73819	-4.81948
0.53033	-1.81499	-4.89954	0.51342	-1.84735	-4.91947	0.58656	-1.76241	-4.83182	0.58468	-1.76216	-4.82569
0.54	-1.83976	-4.88806	0.52295	-1.8552	-4.90156	0.52893	-1.8145	-4.89632	0.52515	-1.81401	-4.89112
0.51342	-1.84735	-4.91947	0.56758	-1.80789	-4.83761	0.53813	-1.83891	-4.88462	0.53415	-1.83728	-4.87842
0.52295	-1.8552	-4.90156	0.62031	-1.77608	-4.79863	0.51037	-1.84679	-4.91674	0.50398	-1.84605	-4.91074
0.56758	-1.80789	-4.83761	0.59222	-1.79999	-4.82831	0.52022	-1.85465	-4.89833	0.51522	-1.85351	-4.89179
0.62031	-1.77608	-4.79863	0.5579	-1.85406	-4.86097	0.56475	-1.80743	-4.83408	0.55944	-1.80657	-4.82719
0.59222	-1.79999	-4.82831	0.54476	-1.83446	-4.85197	0.61745	-1.77475	-4.79427	0.61129	-1.77343	-4.78633
0.5579	-1.85406	-4.86097	0.52206	-1.85598	-4.88806	0.58912	-1.79933	-4.82407	0.58356	-1.79807	-4.81676
0.54476	-1.83446	-4.85197	0.52266	-1.85024	-4.88979	0.5552	-1.85367	-4.85697	0.54974	-1.85278	-4.84903
0.52206	-1.85598	-4.88806	0.46122	-1.89779	-4.95444	0.54239	-1.83366	-4.84737	0.53778	-1.8325	-4.83824
0.52266	-1.85024	-4.88979	0.44083	-1.88915	-4.96671	0.51999	-1.85472	-4.88264	0.51581	-1.85223	-4.87357
0.46122	-1.89779	-4.95444	0.50561	-1.84516	-4.93451	0.52022	-1.84914	-4.88515	0.51545	-1.84775	-4.87685
0.44083	-1.88915	-4.96671	0.44821	-1.89379	-4.97841	0.45792	-1.89696	-4.95034	0.45057	-1.89605	-4.94316
0.50561	-1.84516	-4.93451	0.48397	-1.84579	-4.93646	0.4369	-1.889	-4.96285	0.42938	-1.88919	-4.957
0.44821	-1.89379	-4.97841	0.45222	-1.83321	-4.96428	0.50162	-1.84527	-4.93132	0.4936	-1.84585	-4.92579
0.48397	-1.84579	-4.93646	0.44789	-1.80606	-4.96428	0.44417	-1.89387	-4.97551	0.43645	-1.89439	-4.96973
0.45222	-1.83321	-4.96428	0.47748	-1.75504	-4.967	0.47958	-1.84622	-4.93298	0.47107	-1.84732	-4.92717
0.44789	-1.80606	-4.96428	0.51957	-1.74411	-4.97885	0.44712	-1.83456	-4.96213	0.43625	-1.83737	-4.95899
0.47748	-1.75504	-4.967	0.5038	-1.7591	-5.00834	0.44263	-1.80745	-4.96242	0.43185	-1.81124	-4.9597
0.51957	-1.74411	-4.97885	0.49865	-1.74183	-5.06198	0.47157	-1.75737	-4.96528	0.46159	-1.76207	-4.96299
0.5038	-1.7591	-5.00834	0.48981	-1.73104	-5.06927	0.5145	-1.74585	-4.97754	0.50344	-1.75003	-4.97551
0.49865	-1.74183	-5.06198	0.52177	-1.7367	-5.01736	0.49823	-1.76083	-5.00729	0.48729	-1.76504	-5.00565
0.48981	-1.73104	-5.06927	0.55704	-1.72149	-5.02555	0.49348	-1.74326	-5.06088	0.48292	-1.74632	-5.05899
0.52177	-1.7367	-5.01736	0.61896	-1.67291	-5.0061	0.4844	-1.732	-5.068	0.47412	-1.73307	-5.06562
0.55704	-1.72149	-5.02555	0.63763	-1.66284	-4.96542	0.51629	-1.73805	-5.01645	0.50519	-1.74117	-5.01464
0.61896	-1.67291	-5.0061	0.62701	-1.65548	-4.928	0.55158	-1.72281	-5.02478	0.54134	-1.72562	-5.02387
0.63763	-1.66284	-4.96542	0.66757	-1.61949	-4.85942	0.61324	-1.67435	-5.0055	0.60196	-1.67794	-5.00535
0.62701	-1.65548	-4.928	0.6632	-1.62506	-4.89259	0.63202	-1.66433	-4.96542	0.62106	-1.66797	-4.96542
0.66757	-1.61949	-4.85942	0.65076	-1.62913	-4.90492	0.62149	-1.65691	-4.92786	0.61118	-1.6603	-4.92813
0.6632	-1.62506	-4.89259	0.68082	-1.60744	-4.87934	0.66274	-1.62099	-4.85929	0.65389	-1.62425	-4.85968
0.65076	-1.62913	-4.90492	0.64238	-1.65496	-4.90115	0.65892	-1.62597	-4.89219	0.65128	-1.62893	-4.89232
0.68082	-1.60744	-4.87934	0.55216	-1.75446	-4.95091	0.64521	-1.63095	-4.90506	0.6361	-1.63549	-4.90573
0.64238	-1.65496	-4.90115	0.5321	-1.77255	-4.93229	0.67529	-1.60991	-4.88027	0.66367	-1.6153	-4.88264
0.55216	-1.75446	-4.95091	0.53708	-1.76668	-4.92758	0.63727	-1.65688	-4.90236	0.62834	-1.66098	-4.90412
0.5321	-1.77255	-4.93229	0.48458	-1.81462	-4.92441	0.54702	-1.75703	-4.95218	0.53772	-1.76237	-4.95444
0.53708	-1.76668	-4.92758	0.52384	-1.77845	-4.9192	0.5268	-1.77525	-4.93409	0.5185	-1.78033	-4.93673
0.48458	-1.81462	-4.92441	0.52087	-1.77727	-4.91851	0.53251	-1.76964	-4.9291	0.52414	-1.77512	-4.93159
0.52384	-1.77845	-4.9192	0.55216	-1.74526	-4.89405	0.48007	-1.81777	-4.92579	0.47231	-1.82378	-4.92869
0.52087	-1.77727	-4.91851	0.55389	-1.73614	-4.86914	0.51962	-1.78159	-4.92043	0.51175	-1.78754	-4.92276
0.55216	-1.74526	-4.89405	0.56628	-1.71424	-4.86679	0.51665	-1.78014	-4.92002	0.50844	-1.78619	-4.92235
0.55389	-1.73614	-4.86914	0.61815	-1.66021	-4.82706	0.54795	-1.74885	-4.89512	0.54099	-1.75499	-4.89619
0.56628	-1.71424	-4.86679	0.58054	-1.70101	-4.83032	0.54943	-1.73946	-4.87005	0.54081	-1.74627	-4.87135
0.61815	-1.66021	-4.82706	0.56588	-1.7148	-4.86097	0.56179	-1.71816	-4.86783	0.55256	-1.72647	-4.86953
0.58054	-1.70101	-4.83032	0.55589	-1.7076	-4.89392	0.61281	-1.6653	-4.82819	0.60246	-1.67494	-4.83032
0.56588	-1.7148	-4.86097	0.57622	-1.71424	-4.89112	0.57537	-1.70573	-4.83132	0.56492	-1.71569	-4.83282
0.55589	-1.7076	-4.89392	0.60514	-1.68578	-4.84928	0.56064	-1.71973	-4.862	0.55095	-1.72921	-4.86303
0.57622	-1.71424	-4.89112	0.64763	-1.62658	-4.82594	0.55066	-1.71242	-4.89432	0.53959	-1.72196	-4.89512
0.60514	-1.68578	-4.84928	0.6518	-1.60744	-4.84699	0.57053	-1.71948	-4.89179	0.5607	-1.72953	-4.89259
0.64763	-1.62658	-4.82594	0.68461	-1.56734	-4.81552	0.60021	-1.69074	-4.84992	0.59045	-1.70102	-4.85094
