195401      1.95138      2.03667      1.08367      6.35573      5.98780
195402      0.90592      1.63333      0.81433      6.33598      6.02458
195403      0.35966      1.36333      0.86967      6.34439      6.02587
195404      3.85845      1.31000      1.03633      6.36704      6.10396
195501      3.09707      1.61333      1.25633      6.36897      6.03221
195502      4.69576      1.96667      1.51433      6.34498      6.07746
195503      3.76945      2.32667      1.86133      6.33916      6.09388
195504      2.59972      2.83333      2.34933      6.35521      6.15657
195601      3.84700      3.00000      2.37933      6.34757      6.06293
195602      2.66791      3.26333      2.59667      6.32580      6.09915
195603      3.59683      3.35000      2.59667      6.31607      6.09871
195604      2.67376      3.63000      3.06367      6.33446      6.17896
195701      5.48414      3.63000      3.17167      6.31974      6.08492
195702      1.87418      3.68333      3.15700      6.29907      6.12075
195703      2.92599      3.95333      3.38233      6.29177      6.13044
195704      0.15636      3.99333      3.34333      6.30539      6.18192
195801      2.27971      2.81667      1.83800      6.29394      6.06023
195802      0.60371      1.71667      1.01767      6.28994      6.10764
195803      3.74847      2.13000      1.71067      6.29079      6.12054
195804      2.74021      3.21333      2.78767      6.31613      6.20620
195901      4.30312      3.30333      2.80033      6.31254      6.12902
195902      3.58352      3.60333      3.01933      6.29857      6.19528
195903      1.54682      4.19333      3.53300      6.30138      6.17049
195904      0.99724      4.76000      4.29933      6.31188      6.21563
196001      3.50103      4.68667      3.94300      6.29251      6.15843
196002      0.19659      4.07333      3.09233      6.27672      6.21102
196003      1.84974      3.37333      2.39033      6.28073      6.19476
196004     -1.33462      3.27000      2.36067      6.30579      6.23337
196101      0.04225      3.01333      2.37667      6.30265      6.16061
196102      2.55607      2.86000      2.32467      6.29038      6.22763
196103      2.27618      2.89667      2.32467      6.28892      6.22570
196104      1.46646      3.05667      2.47500      6.31737      6.28666
196201      3.70147      3.24333      2.73900      6.30629      6.22915
196202      1.16134      3.20333      2.71600      6.29630      6.28778
196203      1.58111      3.33333      2.85800      6.28982      6.27056
196204      2.31828      3.26333      2.80333      6.31304      6.31683
196301      0.60988      3.31000      2.90900      6.31352      6.25971
196302      0.57170      3.31667      2.94133      6.30762      6.32119
196303      1.55464      3.69667      3.28067      6.31221      6.32259
196304      2.78982      3.90667      3.49933      6.33842      6.36198
196401      0.61633      3.95000      3.53800      6.33538      6.31868
196402      2.26627      3.93333      3.48133      6.32302      6.37595
196403      1.77954      3.91000      3.50400      6.33362      6.37273
196404      2.29166      4.06333      3.68500      6.36433      6.41682
196501      4.28012      4.30000      3.89967      6.35219      6.35692
196502      1.66645      4.38000      3.87900      6.34038      6.42739
196503      2.43895      4.38000      3.85967      6.34501      6.42528
196504      3.18003      4.47000      4.15867      6.37830      6.48916
196601      3.82966      4.97000      4.63067      6.37579      6.42299
196602      4.09645      5.42667      4.59733      6.36418      6.48457
196603      3.03639      5.79000      5.04767      6.35305      6.48477
196604      4.56557      6.00000      5.24600      6.36650      6.53598
196701      2.11821      5.45000      4.53367      6.36063      6.45714
196702      1.27478      4.71667      3.65733      6.36050      6.51184
196703      3.68029      4.97333      4.34467      6.37307      6.50756
196704      4.84593      5.30333      4.78733      6.39753      6.55685
196801      6.05630      5.58000      5.06467      6.38473      6.48079
196802      4.60123      6.08000      5.51000      6.38165      6.55977
196803      4.60823      5.96333      5.22633      6.38976      6.54780
196804      5.21448      5.96333      5.58067      6.41687      6.60573
196901      4.16477      6.65667      6.13767      6.41366      6.52121
196902      5.39974      7.54000      6.24000      6.40050      6.58848
196903      5.83674      8.48667      7.04667      6.39057      6.57885
196904      4.62960      8.62000      7.31767      6.40426      6.61485
197001      5.44672      8.55333      7.26267      6.38934      6.52773
197002      6.81784      8.16667      6.75233      6.37683      6.58103
197003      2.56514      7.83667      6.37467      6.38262      6.57620
197004      4.41499      6.29333      5.35833      6.40314      6.62002
197101      7.39992      4.59000      3.86333      6.39080      6.55060
197102      6.23667      5.04000      4.20600      6.39347      6.61136
197103      4.90549      5.74333      5.05033      6.39781      6.60055
197104      2.96470      5.06333      4.23433      6.41357      6.65410
197201      5.54532      4.05667      3.43533      6.40794      6.59442
197202      3.90054      4.57667      3.74833      6.41203      6.65780
197203      3.71826      4.93333      4.24133      6.42295      6.65613
197204      6.33205      5.33333      4.85133      6.44582      6.70764
197301      5.18784      6.28333      5.63967      6.44018      6.65693
197302      7.37105      7.46667      6.60833      6.43178      6.70993
197303      7.50451      9.87333      8.38833      6.42478      6.70008
197304      9.38114      8.98000      7.46167      6.42822      6.75154
197401      6.38785      8.30333      7.60033      6.41478      6.65829
197402      8.29834     10.45667      8.26800      6.40269      6.71290
197403     11.89142     11.53333      8.28633      6.38267      6.69520
197404      9.65359      9.05000      7.33600      6.38468      6.72783
197501     11.41056      6.56333      5.87333      6.34633      6.62582
197502      5.45725      5.92000      5.40067      6.34864      6.68720
197503      8.35064      6.66667      6.33667      6.34781      6.69909
197504      6.72691      6.12000      5.68433      6.35295      6.74779
197601      5.17185      5.29000      4.95333      6.33530      6.68729
197602      5.11806      5.57000      5.16867      6.34183      6.74412
197603      6.20178      5.53000      5.16867      6.33882      6.73969
197604      6.86144      4.99000      4.69833      6.35369      6.78334
197701      5.40790      4.81000      4.62400      6.34385      6.71372
197702      8.15039      5.23667      4.82867      6.34620      6.78945
197703      6.97459      5.80667      5.47200      6.34768      6.79769
197704      7.05005      6.59333      6.13700      6.36395      6.82800
197801      5.64386      6.79667      6.40800      6.34843      6.76079
197802     10.37058      7.20000      6.48100      6.35096      6.83209
197803      7.76279      8.08333      7.31533      6.35371      6.84012
197804      8.68325      9.89667      8.68033      6.36175      6.88370
197901      7.82075     10.09667      9.35767      6.33263      6.82213
197902      8.54936      9.85333      9.37233      6.34296      6.85000
197903      8.80865     10.60333      9.63133      6.34780      6.85331
197904      7.95744     13.09667     11.80367      6.34925      6.89370
198001      9.21414     14.25333     13.45867      6.32033      6.83850
198002      9.45054     10.75000     10.04933      6.29541      6.83405
198003      9.08665      9.64667      9.23533      6.31160      6.83536
198004     10.47953     14.51333     13.70967      6.32510      6.88980
198101     11.25148     14.52000     14.36900      6.28721      6.84441
198102      6.98579     15.35000     14.82900      6.30031      6.86641
198103      9.32349     16.21333     15.08733      6.28343      6.87186
198104      8.56957     12.94000     12.02267      6.28600      6.88609
198201      4.53466     13.69667     12.89500      6.27839      6.81887
198202      5.24026     13.48333     12.35900      6.28171      6.84277
198203      4.05725     11.55333      9.70533      6.28427      6.84344
198204      3.33362      8.81000      7.93500      6.32671      6.87699
198301      4.88249      8.34000      8.08133      6.32400      6.82694
198302      2.81231      8.60667      8.41900      6.35533      6.87232
198303      3.91815      9.44000      9.18667      6.36814      6.89361
198304      4.21350      9.19000      8.79333      6.38475      6.93954
198401      5.62078      9.45000      9.13333      6.36955      6.90835
198402      4.15854     10.77333      9.84333      6.38474      6.93773
198403      4.56260     11.14667     10.34333      6.38186      6.94542
198404      2.63702      9.25667      8.97333      6.39459      6.98322
198501      4.63994      8.69000      8.18333      6.39195      6.93581
198502      2.68090      7.91000      7.52333      6.41947      6.96442
198503      2.80385      7.72333      7.10333      6.44617      6.98175
198504      3.92399      7.70000      7.14667      6.47194      7.01713
198601      1.97260      7.41333      6.88667      6.47250      6.97551
198602      1.79879      6.54333      6.13000      6.51612      6.99496
198603      3.19990      5.89333      5.53333      6.54860      7.00653
198604      2.99065      5.72667      5.34000      6.59116      7.03771
198701      3.59779      5.95000      5.53333      6.59921      6.98950
198702      2.85257      6.84667      5.73333      6.61827      7.02695
198703      3.05515      7.02667      6.03333      6.61041      7.03813
198704      3.69791      7.54000      6.00333      6.61855      7.08022
198801      3.31558      6.71333      5.76000      6.60426      7.03320
198802      4.49419      7.25333      6.23000      6.61913      7.06724
198803      4.83479      8.16333      6.99333      6.61823      7.07664
198804      3.98989      8.58667      7.70333      6.61868      7.11233
198901      5.11210      9.44667      8.53333      6.59210      7.06410
198902      4.35470      9.29000      8.44000      6.57736      7.09666
198903      3.76083      8.39000      7.85000      6.57053      7.10065
198904      3.50211      8.05667      7.63333      6.58262      7.12862
199001      5.25743      8.07667      7.75667      6.56885      7.08011
199002      4.21180      8.19333      7.76667      6.57442      7.11330
199003      3.94827      7.83333      7.49333      6.57277      7.11506
199004      4.22561      7.68000      7.02333      6.57950      7.13058
199101      4.84639      6.59667      6.05333      6.56908      7.06919
199102      2.73977      6.05667      5.59333      6.58663      7.10161
199103      2.78292      5.83000      5.40667      6.59562      7.11235
199104      2.46680      4.91667      4.58333      6.62423      7.13161
199201      3.77753      4.19000      3.91000      6.64384      7.08479
199202      2.67041      4.03000      3.72333      6.66796      7.11677
199203      1.35260      3.41000      3.13000      6.68782      7.13322
199204      2.64672      3.56667      3.07667      6.73238      7.16982
199301      3.14269      3.28667      2.99333      6.73244      7.11021
199302      1.71907      3.25667      2.98333      6.75802      7.14847
199303      1.09251      3.31000      3.02000      6.78143      7.16479
199304      1.33873      3.36667      3.08000      6.81522      7.20367
DATE        INF          FYCPQ        FYGN3Q       M1NSAL       GDPNL
