195401      6.35460      1.95138      2.03667      1.08367      7.41505
195402      6.35366      0.90592      1.63333      0.81433      7.41361
195403      6.36262      0.35966      1.36333      0.86967      7.42518
195404      6.36380      3.85845      1.31000      1.03633      7.43738
195501      6.36762      3.09707      1.61333      1.25633      7.46308
195502      6.36151      4.69576      1.96667      1.51433      7.47227
195503      6.35657      3.76945      2.32667      1.86133      7.48336
195504      6.35231      2.59972      2.83333      2.34933      7.49215
195601      6.34675      3.84700      3.00000      2.37933      7.48829
195602      6.34190      2.66791      3.26333      2.59667      7.49471
195603      6.33334      3.59683      3.35000      2.59667      7.49676
195604      6.33111      2.67376      3.63000      3.06367      7.51021
195701      6.31967      5.48414      3.63000      3.17167      7.51556
195702      6.31531      1.87418      3.68333      3.15700      7.51469
195703      6.30796      2.92599      3.95333      3.38233      7.52359
195704      6.30278      0.15636      3.99333      3.34333      7.51234
195801      6.29558      2.27971      2.81667      1.83800      7.49003
195802      6.30536      0.60371      1.71667      1.01767      7.49798
195803      6.30650      3.74847      2.13000      1.71067      7.51801
195804      6.31244      2.74021      3.21333      2.78767      7.53951
195901      6.30800      4.30312      3.30333      2.80033      7.55218
195902      6.30762      3.58352      3.60333      3.01933      7.56915
195903      6.31084      1.54682      4.19333      3.53300      7.56569
195904      6.29960      0.99724      4.76000      4.29933      7.57142
196001      6.28799      3.50103      4.68667      3.94300      7.58929
196002      6.28535      0.19659      4.07333      3.09233      7.58665
196003      6.29000      1.84974      3.37333      2.39033      7.58767
196004      6.29286     -1.33462      3.27000      2.36067      7.58126
196101      6.29771      0.04225      3.01333      2.37667      7.58954
196102      6.29860      2.55607      2.86000      2.32467      7.60390
196103      6.29873      2.27618      2.89667      2.32467      7.61835
196104      6.30409      1.46646      3.05667      2.47500      7.63844
196201      6.30127      3.70147      3.24333      2.73900      7.65150
196202      6.30498      1.16134      3.20333      2.71600      7.66186
196203      6.30012      1.58111      3.33333      2.85800      7.66978
196204      6.29977      2.31828      3.26333      2.80333      7.66865
196301      6.30860      0.60988      3.31000      2.90900      7.68290
196302      6.31632      0.57170      3.31667      2.94133      7.69599
196303      6.32281      1.55464      3.69667      3.28067      7.71316
196304      6.32524      2.78982      3.90667      3.49933      7.72068
196401      6.33020      0.61633      3.95000      3.53800      7.74548
196402      6.33143      2.26627      3.93333      3.48133      7.75358
196403      6.34317      1.77954      3.91000      3.50400      7.76531
196404      6.35046      2.29166      4.06333      3.68500      7.76811
196501      6.34724      4.28012      4.30000      3.89967      7.78742
196502      6.34885      1.66645      4.38000      3.87900      7.80090
196503      6.35441      2.43895      4.38000      3.85967      7.81823
196504      6.36461      3.18003      4.47000      4.15867      7.84141
196601      6.37207      3.82966      4.97000      4.63067      7.86204
196602      6.37257      4.09645      5.42667      4.59733      7.86381
196603      6.36186      3.03639      5.79000      5.04767      7.87326
196604      6.35337      4.56557      6.00000      5.24600      7.87872
196701      6.35794      2.11821      5.45000      4.53367      7.88503
196702      6.36851      1.27478      4.71667      3.65733      7.88946
196703      6.38108      3.68029      4.97333      4.34467      7.90082
196704      6.38536      4.84593      5.30333      4.78733      7.90658
196801      6.38257      6.05630      5.58000      5.06467      7.92012
196802      6.38859      4.60123      6.08000      5.51000      7.93627
196803      6.39639      4.60823      5.96333      5.22633      7.94336
196804      6.40469      5.21448      5.96333      5.58067      7.94509
196901      6.41216      4.16477      6.65667      6.13767      7.96018
196902      6.40665      5.39974      7.54000      6.24000      7.96130
196903      6.39653      5.83674      8.48667      7.04667      7.96711
196904      6.39302      4.62960      8.62000      7.31767      7.96384
197001      6.39016      5.44672      8.55333      7.26267      7.96130
197002      6.38022      6.81784      8.16667      6.75233      7.95840
197003      6.38707      2.56514      7.83667      6.37467      7.97074
197004      6.39382      4.41499      6.29333      5.35833      7.96322
197101      6.39188      7.39992      4.59000      3.86333      7.98613
197102      6.39724      6.23667      5.04000      4.20600      7.98759
197103      6.40211      4.90549      5.74333      5.05033      7.99372
197104      6.40396      2.96470      5.06333      4.23433      7.99877
197201      6.40952      5.54532      4.05667      3.43533      8.01872
197202      6.41585      3.90054      4.57667      3.74833      8.03583
197203      6.42725      3.71826      4.93333      4.24133      8.04745
197204      6.43574      6.33205      5.33333      4.85133      8.06322
197301      6.44230      5.18784      6.28333      5.63967      8.08743
197302      6.43585      7.37105      7.46667      6.60833      8.09181
197303      6.42866      7.50451      9.87333      8.38833      8.09080
197304      6.41755      9.38114      8.98000      7.46167      8.09837
197401      6.41805      6.38785      8.30333      7.60033      8.08930
197402      6.40656      8.29834     10.45667      8.26800      8.09181
197403      6.38588     11.89142     11.53333      8.28633      8.08305
197404      6.37389      9.65359      9.05000      7.33600      8.07912
197501      6.35107     11.41056      6.56333      5.87333      8.05643
197502      6.35235      5.45725      5.92000      5.40067      8.06790
197503      6.35028      8.35064      6.66667      6.33667      8.08638
197504      6.34140      6.72691      6.12000      5.68433      8.09940
197601      6.34186      5.17185      5.29000      4.95333      8.11871
197602      6.34522      5.11806      5.57000      5.16867      8.12243
197603      6.34027      6.20178      5.53000      5.16867      8.12593
197604      6.34204      6.86144      4.99000      4.69833      8.13631
197701      6.35191      5.40790      4.81000      4.62400      8.15087
197702      6.34905      8.15039      5.23667      4.82867      8.16764
197703      6.34840      6.97459      5.80667      5.47200      8.18155
197704      6.35187      7.05005      6.59333      6.13700      8.17954
197801      6.35751      5.64386      6.79667      6.40800      8.18641
197802      6.35359     10.37058      7.20000      6.48100      8.21798
197803      6.35399      7.76279      8.08333      7.31533      8.22566
197804      6.34947      8.68325      9.89667      8.68033      8.23737
197901      6.34211      7.82075     10.09667      9.35767      8.23769
197902      6.34540      8.54936      9.85333      9.37233      8.23862
197903      6.34789      8.80865     10.60333      9.63133      8.24473
197904      6.33667      7.95744     13.09667     11.80367      8.24659
198001      6.33017      9.21414     14.25333     13.45867      8.25083
198002      6.29801      9.45054     10.75000     10.04933      8.22486
198003      6.31210      9.08665      9.64667      9.23533      8.22510
198004      6.31290     10.47953     14.51333     13.70967      8.24499
198101      6.29608     11.25148     14.52000     14.36900      8.25855
198102      6.30251      6.98579     15.35000     14.82900      8.25437
198103      6.28413      9.32349     16.21333     15.08733      8.25959
198104      6.27527      8.56957     12.94000     12.02267      8.24357
198201      6.28649      4.53466     13.69667     12.89500      8.23114
198202      6.28298      5.24026     13.48333     12.35900      8.23512
198203      6.28501      4.05725     11.55333      9.70533      8.23068
198204      6.31670      3.33362      8.81000      7.93500      8.23207
198301      6.33223      4.88249      8.34000      8.08133      8.23840
198302      6.35553      2.81231      8.60667      8.41900      8.26526
198303      6.36899      3.91815      9.44000      9.18667      8.28005
198304      6.37587      4.21350      9.19000      8.79333      8.29707
198401      6.37786      5.62078      9.45000      9.13333      8.31618
198402      6.38431      4.15854     10.77333      9.84333      8.32942
198403      6.38248      4.56260     11.14667     10.34333      8.33481
198404      6.38653      2.63702      9.25667      8.97333      8.34146
198501      6.40052      4.63994      8.69000      8.18333      8.34802
198502      6.41849      2.68090      7.91000      7.52333      8.35580
198503      6.44656      2.80385      7.72333      7.10333      8.36846
198504      6.46458      3.92399      7.70000      7.14667      8.37413
198601      6.48099      1.97260      7.41333      6.88667      8.38720
198602      6.51525      1.79879      6.54333      6.13000      8.38656
198603      6.54905      3.19990      5.89333      5.53333      8.39222
198604      6.58409      2.99065      5.72667      5.34000      8.39550
198701      6.60689      3.59779      5.95000      5.53333      8.40290
198702      6.61720      2.85257      6.84667      5.73333      8.41523
198703      6.61121      3.05515      7.02667      6.03333      8.42492
198704      6.61242      3.69791      7.54000      6.00333      8.43934
198801      6.61162      3.31558      6.71333      5.76000      8.44576
198802      6.61892      4.49419      7.25333      6.23000      8.45634
198803      6.61985      4.83479      8.16333      6.99333      8.46263
198804      6.61293      3.98989      8.58667      7.70333      8.47213
198901      6.59875      5.11210      9.44667      8.53333      8.48003
198902      6.57727      4.35470      9.29000      8.44000      8.48446
198903      6.57275      3.76083      8.39000      7.85000      8.48446
198904      6.57661      3.50211      8.05667      7.63333      8.48811
199001      6.57445      5.25743      8.07667      7.75667      8.49664
199002      6.57455      4.21180      8.19333      7.76667      8.50047
199003      6.57584      3.94827      7.83333      7.49333      8.49832
199004      6.57320      4.22561      7.68000      7.02333      8.49027
199101      6.57420      4.84639      6.59667      6.05333      8.48508
199102      6.58703      2.73977      6.05667      5.59333      8.49042
199103      6.59944      2.78292      5.83000      5.40667      8.49288
199104      6.61735      2.46680      4.91667      4.58333      8.49306
199201      6.64878      3.77753      4.19000      3.91000      8.50076
199202      6.66877      2.67041      4.03000      3.72333      8.50664
199203      6.69251      1.35260      3.41000      3.13000      8.51529
199204      6.72476      2.64672      3.56667      3.07667      8.52926
199301      6.73738      3.14269      3.28667      2.99333      8.53214
199302      6.75937      1.71907      3.25667      2.98333      8.53805
199303      6.78621      1.09251      3.31000      3.02000      8.54469
199304      6.80602      1.33873      3.36667      3.08000      8.55987
199401      6.81423      2.63030      3.66667      3.25000      8.56810
199402      6.81153      2.93858      4.72667      4.03667      8.57812
199403      6.81382      2.07877      5.21333      4.51000      8.58802
199404      6.80721      1.21786      6.11000      5.28333      8.60039
DATE        M1REALL      INF          FYCPQ        FYGN3Q       GDPQL
