R1	R2	R3	R6	R12	R24	R36	R60	R120
11.728	12.153	12.488	12.729	12.438	11.585	11.229	10.775	10.311
11.23	11.69	11.775	12.027	11.331	10.795	10.341	10.207	10.112
10.274	11.882	12.285	12.298	11.413	10.862	10.389	10.03	10.024
11.871	12.283	12.364	12.425	11.729	11.315	10.903	10.724	10.903
13.919	14.255	14.324	14.731	14.904	14.458	13.65	12.907	12.283
15.071	15.445	15.241	15.924	15.281	14.146	13.246	12.383	12.018
10.389	10.524	10.676	11.041	10.964	10.5	10.383	10.44	10.709
7.847	7.764	7.911	8.363	8.686	9.023	9.139	9.704	10.209
6.665	7.943	8.156	8.198	8.426	8.953	9.092	9.419	10.025
7.835	8.571	8.802	8.934	9.135	9.65	9.765	10.11	10.698
9.2	9.857	10.255	10.713	11.142	11.26	11.265	11.477	11.201
11.204	11.422	11.625	11.947	11.893	11.837	11.675	11.585	11.552
11.657	12.577	12.995	13.266	13.106	12.69	12.563	12.358	11.986
14.394	14.802	14.856	14.833	14.448	13.64	13.162	12.661	12.056
12.901	14.2	14.758	14.404	13.201	12.516	12.273	12.105	11.944
14.717	15.057	15.025	14.542	13.655	12.8	12.486	12.36	12.192
14.197	14.564	14.698	14.556	13.997	13.519	13.462	13.288	12.913
13.034	12.941	12.823	12.652	12.862	12.807	12.925	13.007	12.685
14.114	14.989	15.204	14.958	14.673	14.304	14.124	13.903	13.499
16.21	16.01	15.673	14.952	14.686	14.153	13.821	13.314	12.887
14.413	14.61	14.649	14.659	14.42	14.188	13.926	13.736	13.292
14.98	15.27	15.406	15.801	15.748	15.328	15.036	14.662	13.888
15.639	15.841	15.999	16.511	16.345	16.145	15.596	15.461	14.606
13.679	14.377	14.759	15.653	15.911	16.107	15.825	15.696	15.065
12.972	13.088	13.125	13.689	14.099	14.158	14.252	14.356	14.211
10.237	10.371	10.568	11.055	11.564	12.235	12.526	12.723	12.947
9.71	10.793	11.509	12.552	13.327	13.507	13.582	13.766	13.669
12.141	12.513	12.843	13.408	13.805	13.845	13.915	13.905	13.802
11.98	12.269	12.717	13.555	13.751	13.884	13.825	13.706	13.581
13.963	13.665	13.663	13.865	13.946	14.112	14.062	13.936	13.635
12.316	12.458	12.711	13.156	13.459	13.637	13.609	13.458	13.306
11.616	11.715	11.855	12.245	12.867	13.227	13.373	13.491	13.302
11.742	12.566	13.116	13.813	14.211	14.32	14.428	14.265	13.842
9.147	9.82	10.497	11.771	12.646	12.934	13.314	13.352	13.277
7.513	7.78	8.331	9.836	11.168	11.891	12.257	12.473	12.439
6.937	7.237	7.774	9.225	10.369	11.212	11.563	11.65	11.741
7.722	7.83	8.112	8.735	9.454	10.008	10.519	10.748	10.869
7.873	8.114	8.391	8.87	9.321	9.842	10.33	10.71	10.97
8.071	8.111	8.174	8.335	8.786	9.447	9.921	10.329	10.585
8.066	8.151	8.263	8.516	8.956	9.595	10.087	10.552	11.037
7.909	7.964	8.063	8.242	8.608	9.204	9.698	9.859	10.363
8.558	8.724	8.856	9.023	9.246	9.726	10.011	10.314	10.639
8.099	8.187	8.278	8.408	8.72	9.233	9.628	9.971	10.321
8.559	8.711	8.833	9.048	9.318	9.892	10.182	10.517	10.862
8.568	8.813	8.981	9.236	9.583	10.134	10.397	10.692	11.003
8.955	9.222	9.434	9.808	10.346	10.981	11.158	11.53	11.779
9.008	9.249	9.464	9.911	10.363	11.011	11.347	11.695	11.789
8.775	8.826	8.923	9.243	9.698	10.36	10.656	11.129	11.376
8.491	8.578	8.716	9.122	9.621	10.378	10.828	11.291	11.642
8.576	8.875	9.068	9.373	9.71	10.442	10.765	11.261	11.466
8.633	8.973	9.197	9.501	9.894	10.627	10.93	11.429	11.658
8.94	9.017	9.097	9.319	9.634	10.388	10.694	11.204	11.532
8.863	9.17	9.373	9.683	9.985	10.775	11.045	11.609	11.855
9.504	9.755	9.966	10.266	10.611	11.295	11.58	12.066	12.307
9.488	9.727	9.962	10.339	10.811	11.559	11.892	12.34	12.599
9.558	9.689	10.039	11.009	11.927	12.694	13.293	13.436	13.624
9.386	9.835	10.18	10.978	11.988	12.853	13.087	13.4	13.508
10.029	10.327	10.567	11.029	11.631	12.287	12.34	12.519	12.647
10.743	10.756	10.821	11.126	11.669	12.206	12.284	12.495	12.473
10.442	10.436	10.503	10.764	11.165	11.774	11.958	12.213	12.151
8.57	8.963	9.248	9.648	10.15	10.892	11.134	11.394	11.554
8	8.384	8.623	8.988	9.531	10.312	10.695	11.226	11.428
7.229	7.84	8.126	8.367	9.132	9.932	10.438	11.111	11.459
7.725	8.028	8.195	8.437	8.982	9.763	10.218	10.779	11.119
7.671	8.318	8.706	9.134	9.65	10.457	10.934	11.502	11.859
8.037	8.317	8.513	8.868	9.417	10.295	10.684	11.283	11.588
7.516	7.762	7.98	8.387	8.945	9.787	10.281	10.901	11.404
6.996	7.205	7.322	7.478	8.011	8.836	9.314	9.864	10.331
6.719	6.896	7.03	7.252	7.747	8.642	9.164	9.849	10.286
7.056	7.247	7.397	7.662	8.092	8.975	9.51	10.173	10.653
7.243	7.216	7.269	7.548	7.934	8.801	9.327	9.798	10.333
7.242	7.212	7.271	7.546	7.976	8.795	9.332	9.859	10.376
7.109	7.189	7.255	7.443	8.015	8.737	9.256	9.847	10.459
7.165	7.297	7.354	7.509	7.815	8.579	8.998	9.534	10.078
6.592	7.164	7.381	7.46	7.746	8.317	8.653	9.24	9.591
6.237	6.895	7.169	7.297	7.496	7.877	8.215	8.557	9.015
6.805	7.064	7.163	7.268	7.483	7.916	8.191	8.658	9.28
6.887	7.116	7.2	7.219	7.327	7.648	7.76	8.017	8.124
6.579	6.49	6.464	6.474	6.723	6.923	7.062	7.319	7.434
5.981	6.1	6.178	6.304	6.493	6.912	7.073	7.315	7.475
6.234	6.339	6.426	6.595	6.87	7.388	7.764	8.022	8.212
6.006	6.057	6.108	6.173	6.407	6.859	7.145	7.372	7.492
5.499	5.765	5.884	5.943	6.178	6.615	6.888	7.215	7.639
4.859	5.149	5.242	5.262	5.485	5.988	6.247	6.648	7.347
5.202	5.263	5.321	5.53	5.821	6.441	6.789	7.249	7.861
5.033	5.242	5.301	5.413	5.695	6.203	6.508	6.927	7.642
5.241	5.371	5.456	5.561	5.701	6.133	6.401	6.741	7.283
4.998	5.574	5.803	5.766	5.946	6.369	6.697	6.812	7.329
5.51	5.666	5.705	5.737	5.879	6.25	6.46	6.785	7.347
5.489	5.527	5.554	5.646	5.889	6.286	6.479	6.757	7.274
5.201	5.456	5.63	5.863	6.105	6.518	6.722	7.013	7.604
4.984	5.283	5.549	6.102	6.644	7.205	7.5	7.86	8.355
5.597	5.633	5.788	6.28	6.911	7.632	7.882	8.089	8.484
5.397	5.596	5.782	6.151	6.717	7.369	7.687	7.96	8.403
5.546	5.869	6.073	6.451	6.93	7.439	7.842	8.158	8.752
5.805	6.137	6.321	6.655	7.232	7.77	8.152	8.427	9.057
6.484	6.566	6.738	7.23	7.843	8.447	8.846	9.083	9.648
4.364	4.968	5.385	6.18	6.906	7.634	8.081	8.414	8.982
3.8	4.763	5.426	6.362	7.032	7.637	8.047	8.442	9.069
3.88	5.133	5.808	6.428	7.161	7.695	7.992	8.365	8.942
4.93	5.533	5.825	6.164	6.689	7.138	7.38	7.744	8.319
5.267	5.555	5.717	6.035	6.58	7.033	7.256	7.6	8.257
5.73	5.792	5.867	6.235	6.814	7.302	7.612	8.028	8.663
5.768	5.939	6.092	6.534	7.071	7.637	7.905	8.297	8.952
6.083	6.406	6.63	7.066	7.575	8.084	8.299	8.627	9.2
6.128	6.517	6.71	6.953	7.437	7.89	8.056	8.321	8.819
6.524	6.853	7.041	7.336	7.8	8.271	8.392	8.625	9.125
7.544	7.326	7.368	7.805	8.192	8.559	8.645	8.834	9.173
7.073	7.293	7.447	7.739	8.034	8.279	8.343	8.496	8.822
6.957	7.319	7.499	7.72	7.919	8.08	8.103	8.256	8.59
7.084	7.716	8.013	8.235	8.492	8.658	8.666	8.762	8.941
7.196	7.924	8.281	8.547	8.873	8.951	8.952	8.989	8.96
8.066	8.346	8.506	8.688	8.879	8.929	8.9	8.899	8.793
8.075	8.664	8.894	8.956	9.283	9.322	9.266	9.225	9.056
9.043	8.991	9.053	9.279	9.49	9.454	9.417	9.282	9
8.63	8.613	8.65	8.814	9.038	9.076	9.019	8.954	8.854
8.519	8.716	8.769	8.67	8.746	8.605	8.608	8.555	8.47
8.254	8.203	8.157	8.038	8.05	7.899	7.928	7.955	8.019
7.934	7.966	7.902	7.635	7.633	7.372	7.463	7.479	7.785
7.501	8	8.133	8.049	8.237	8.196	8.235	8.173	8.156
7.588	8.014	8.139	8.178	8.352	8.247	8.323	8.242	8.193
7.842	7.954	7.936	7.787	7.797	7.716	7.785	7.77	7.867
7.938	7.8	7.745	7.656	7.613	7.574	7.678	7.694	7.82
6.651	7.507	7.789	7.7	7.742	7.728	7.819	7.787	7.915
7.627	7.843	7.901	7.93	7.998	8.159	8.199	8.246	8.359
7.74	7.922	7.977	7.951	8.009	8.273	8.307	8.392	8.459
8.083	7.987	7.983	8.071	8.224	8.502	8.524	8.55	8.549
7.666	7.84	7.988	8.214	8.471	8.808	8.857	8.906	8.924
7.652	7.842	7.938	7.969	8.094	8.327	8.394	8.483	8.506
7.613	7.845	7.925	7.876	7.963	8.107	8.177	8.284	8.359
7.596	7.633	7.636	7.573	7.641	7.801	7.886	8.054	8.306
7.537	7.511	7.526	7.584	7.74	8.005	8.159	8.467	8.827
6.959	7.25	7.368	7.415	7.663	7.91	8.066	8.405	8.787
6.709	7.179	7.298	7.263	7.352	7.64	7.847	8.178	8.645
6.659	7.005	7.178	7.251	7.269	7.501	7.619	7.873	8.316
5.867	6.413	6.621	6.641	6.842	7.122	7.334	7.651	8.103
5.953	6.208	6.308	6.345	6.531	6.976	7.199	7.597	8.069
