197401   1414.00000    135.40000    498.80000    836.50000    245.00000
197402   1396.60000    128.70000    433.10000    763.00000    258.20000
197403   1782.80000    164.20000    521.50000    808.20000    368.40000
197404   1794.90000    189.80000    617.20000    951.30000    338.40000
197405   2094.30000    190.60000    594.60000   1039.00000    350.70000
197406   1861.40000    203.70000    588.60000    984.90000    371.00000
197407   1824.10000    211.10000    502.20000   1185.90000    355.80000
197408   1741.00000    226.40000    557.80000   1174.70000    363.60000
197409   1845.70000    187.10000    448.70000   1142.20000    348.00000
197410   2143.70000    218.70000    564.10000   1205.90000    347.00000
197411   2045.80000    217.00000    547.90000   1146.90000    334.90000
197412   2011.70000    224.90000    553.00000   1215.60000    340.30000
197501   1813.40000    210.40000    628.00000   1213.90000    420.90000
197502   1624.90000    181.40000    418.30000    929.00000    311.40000
197503   1762.70000    193.40000    509.50000   1022.50000    324.40000
197504   1954.10000    178.40000    441.60000    945.50000    303.70000
197505   1872.40000    179.90000    406.60000    821.40000    290.30000
197506   1856.50000    178.90000    420.80000    871.00000    313.30000
197507   1778.40000    207.70000    435.00000    965.10000    309.80000
197508   1620.60000    166.00000    410.60000    924.90000    271.60000
197509   1855.00000    136.00000    354.50000    849.40000    273.10000
197510   2083.30000    153.00000    436.80000    947.50000    299.80000
197511   1900.00000    181.00000    438.50000    877.30000    297.80000
197512   2050.50000    197.90000    508.60000   1057.60000    356.80000
197601   1831.50000    187.00000    479.50000   1170.30000    297.90000
197602   1916.30000    168.20000    348.80000   1002.50000    284.20000
197603   2300.20000    225.20000    499.60000   1319.80000    404.50000
197604   2360.70000    210.40000    471.20000   1241.40000    364.20000
197605   2286.90000    185.30000    443.70000   1198.80000    338.40000
197606   2413.40000    210.50000    505.70000   1417.30000    381.40000
197607   2209.60000    221.50000    480.20000   1372.50000    338.50000
197608   2095.80000    215.30000    444.40000   1425.30000    384.50000
197609   2342.00000    179.60000    432.50000   1345.60000    376.20000
197610   2194.40000    206.50000    492.00000   1314.40000    372.10000
197611   2389.10000    297.80000    552.30000   1445.50000    360.00000
197612   2487.00000    233.40000    550.30000   1429.70000    387.10000
197701   2018.50000    236.70000    534.50000   1428.60000    345.20000
197702   2229.80000    195.20000    454.70000   1213.80000    312.60000
197703   2780.80000    245.00000    590.30000   1557.40000    497.60000
197704   2523.10000    220.30000    584.70000   1428.20000    437.90000
197705   2544.10000    258.20000    604.60000   1575.50000    426.40000
197706   2844.20000    272.50000    674.80000   1645.80000    511.60000
197707   2255.30000    275.90000    637.60000   1545.80000    419.00000
197708   2137.00000    305.30000    664.60000   1791.20000    502.30000
197709   2497.00000    253.90000    639.70000   1648.10000    461.80000
197710   2532.00000    283.70000    616.90000   1641.20000    383.70000
197711   2804.50000    225.10000    575.90000   1583.80000    336.30000
197712   2592.70000    302.00000    780.50000   1842.60000    476.10000
197801   2377.20000    294.20000    777.00000   1828.90000    461.10000
197802   2591.80000    305.70000    787.20000   1891.30000    509.80000
197803   2836.50000    367.90000    895.20000   2147.00000    571.40000
197804   2804.70000    382.70000    891.60000   2222.70000    556.40000
197805   3070.10000    367.60000    774.60000   2054.70000    572.40000
197806   3010.30000    320.60000    795.80000   2085.90000    603.60000
197807   2665.50000    402.50000    956.60000   2255.80000    557.80000
197808   2374.80000    326.40000    852.10000   2104.30000    540.60000
197809   2789.90000    282.80000    720.80000   2112.30000    533.30000
197810   3116.00000    342.30000    851.30000   2148.70000    581.00000
197811   3044.00000    376.40000    925.50000   2061.70000    536.70000
197812   3059.70000    368.80000    910.80000   2019.90000    536.80000
197901   2914.40000    367.40000    884.90000   2277.30000    561.30000
197902   2893.10000    351.90000    696.80000   1891.60000    408.40000
197903   3384.60000    367.90000    877.40000   2007.00000    679.80000
197904   2974.60000    375.70000   1003.90000   2311.20000    660.30000
197905   3513.40000    422.60000    958.80000   2095.80000    663.90000
197906   3076.30000    430.00000   1024.60000   2328.50000    704.50000
197907   2884.70000    424.60000    961.60000   2191.50000    717.70000
197908   2850.20000    406.20000   1045.00000   2281.70000    709.30000
197909   3133.70000    373.90000    786.80000   2204.30000    671.40000
197910   3420.90000    386.60000    819.30000   2317.20000    719.30000
197911   3526.70000    497.40000   1036.90000   2362.20000    795.70000
197912   3410.70000    479.50000   1090.00000   2129.20000    815.70000
198001   3436.50000    499.60000   1006.20000   2493.80000    787.20000
198002   3589.90000    392.50000   1009.00000   2263.80000    764.20000
198003   3724.80000    480.10000   1162.90000   2397.20000    837.90000
198004   3222.20000    453.60000   1118.90000   2580.10000    838.70000
198005   3337.60000    498.90000   1134.10000   2666.60000    774.00000
198006   3226.70000    450.70000   1007.30000   2704.60000    751.00000
198007   3081.60000    437.90000   1067.00000   2637.70000    794.20000
198008   2783.30000    429.50000    936.20000   2557.80000    736.40000
198009   3294.90000    345.70000    846.10000   2655.40000    998.20000
198010   3880.10000    457.60000    862.60000   2575.80000    908.40000
198011   3698.60000    378.50000    877.20000   2606.20000    744.50000
198012   3754.50000    494.70000    896.80000   2727.50000    886.40000
198101   3574.90000    499.60000    994.80000   3205.10000    856.60000
198102   3633.90000    455.30000    757.10000   2348.60000    870.30000
198103   3939.60000    464.90000    971.10000   3059.10000   1121.20000
198104   3877.00000    456.90000   1011.90000   3226.90000   1105.10000
198105   4097.90000    502.90000    971.50000   3035.70000    989.60000
198106   4013.10000    471.50000    919.60000   3150.00000   1191.20000
198107   3637.50000    440.40000    950.70000   3142.70000   1131.90000
198108   3603.60000    529.10000    988.10000   3544.20000   1505.30000
198109   3667.80000    432.30000    790.10000   2915.60000   1126.50000
198110   4215.60000    466.90000    972.50000   3699.40000   1085.70000
198111   4086.40000    599.30000    998.80000   3327.40000    955.30000
198112   3566.40000    534.60000   1055.90000   3000.60000    906.90000
198201   3507.80000    511.00000   1087.40000   3720.00000    981.70000
198202   3547.60000    452.70000    874.90000   2708.00000    780.00000
198203   4156.20000    455.60000   1003.30000   3586.60000   1011.30000
198204   3735.70000    441.90000    944.80000   2790.40000    821.40000
198205   4068.60000    479.50000   1221.10000   3759.40000   1151.50000
198206   4398.10000    539.70000   1090.50000   3117.20000   1210.40000
198207   3459.20000    442.80000    957.10000   2887.90000   1139.70000
198208   3828.40000    475.60000   1025.40000   3814.70000   1217.60000
198209   4236.30000    410.10000    872.90000   2904.20000   1079.60000
198210   3907.20000    414.00000    981.10000   3274.00000   1483.00000
198211   4009.60000    469.80000    949.00000   2695.10000   1037.30000
198212   3622.10000    452.70000    967.20000   2486.20000   1181.40000
198301   3866.90000    670.20000    989.20000   2953.20000   1021.20000
198302   3752.70000    434.80000    887.40000   2894.40000    774.90000
198303   4531.70000    471.90000   1064.50000   3440.20000    897.80000
198304   4227.10000    492.80000   1044.60000   3080.20000    922.10000
198305   4528.20000    517.90000   1011.70000   3461.10000   1227.80000
198306   4688.80000    497.00000   1114.20000   3283.80000   1032.30000
198307   3937.00000    469.60000   1044.40000   3557.50000   1129.70000
198308   4055.40000    500.60000   1126.90000   3633.80000   1318.00000
198309   4320.10000    514.60000    887.60000   2975.70000   1106.60000
198310   4671.50000    571.90000   1215.60000   4070.70000   1122.50000
198311   4737.20000    456.10000   1222.90000   4025.70000   1005.50000
198312   4813.30000    427.50000   1086.30000   3807.00000    911.20000
198401   5219.10000    787.30000   1629.10000   4613.80000   1174.20000
198402   5385.60000    498.20000   1197.10000   3634.20000    988.70000
198403   5557.80000    710.10000   1589.70000   4758.20000   1280.90000
198404   5838.50000    607.90000   1570.00000   4638.00000   1367.90000
198405   5712.10000    656.80000   1356.10000   4889.10000   1055.70000
198406   5744.40000    529.00000   1247.10000   4504.30000   1131.80000
198407   5402.50000    943.90000   1423.80000   6259.60000   1476.40000
198408   4913.80000    712.90000   1270.40000   5084.60000   1165.40000
198409   5585.80000    771.50000   1593.70000   4940.10000   1144.70000
198410   5591.00000    546.60000   1316.50000   5075.00000   1231.90000
198411   6001.50000    662.40000   1467.50000   4588.20000   1320.90000
198412   5525.90000    686.40000   1325.80000   4150.10000   1153.10000
198501   5319.10000    909.20000   1836.80000   5968.80000   1141.00000
198502   5548.50000    555.90000   1426.50000   4799.80000   1037.40000
198503   6075.30000    762.00000   1774.60000   5724.90000   1029.10000
198504   5976.20000    745.20000   1690.00000   5931.00000   1098.20000
198505   6041.70000   1045.90000   1656.40000   5719.20000   1242.60000
198506   6291.80000    851.80000   1680.60000   5824.10000   1447.20000
198507   5073.10000    670.20000   1480.10000   5418.30000   1297.10000
198508   4813.70000    675.70000   1488.40000   5444.20000   1233.20000
198509   6153.80000    760.60000   1807.50000   6451.50000   1300.10000
198510   6077.90000    758.30000   1511.90000   5236.90000   1433.20000
198511   5695.60000    904.00000   1851.30000   6042.60000   1331.40000
198512   5939.70000    843.20000   2035.10000   6221.60000   1346.70000
198601   5680.70000    866.60000   1988.80000   6901.60000   1273.00000
198602   5659.50000    733.00000   1897.00000   5860.60000   1234.40000
198603   5922.90000    893.80000   2163.80000   7185.40000   1288.50000
198604   5821.10000    921.40000   2030.70000   6333.20000   1219.90000
198605   5922.50000    902.00000   2131.00000   6439.10000   1232.10000
198606   5711.70000    926.70000   2058.80000   7240.10000   1519.10000
198607   5475.60000    944.80000   2334.50000   8101.90000   1289.20000
198608   5224.80000    802.40000   2064.50000   6694.40000   1127.30000
198609   5571.60000    682.00000   1827.00000   5884.20000   1241.60000
198610   5719.00000    730.60000   1944.20000   6995.60000   1098.60000
198611   6681.40000    992.80000   2575.90000   8392.10000   1511.00000
198612   4861.90000    732.50000   2107.60000   5882.80000   1361.20000
198701   5429.90000    663.60000   1793.50000   5900.50000   1092.60000
198702   5929.30000    845.20000   2088.20000   6824.50000   1431.10000
198703   5986.00000    850.30000   2582.30000   6804.20000   1505.40000
198704   5814.40000    839.60000   2341.20000   6832.30000   1345.80000
198705   5916.00000    843.50000   2353.10000   6933.80000   1533.00000
198706   6100.80000    942.60000   2331.70000   7332.60000   1386.70000
198707   5321.90000   1067.40000   2244.90000   7340.50000   1564.50000
198708   5069.00000    871.90000   2109.70000   7242.40000   1352.60000
198709   6094.70000    792.90000   1889.80000   6780.90000   1441.00000
198710   6573.00000   1036.30000   2306.70000   7932.00000   1551.10000
198711   6723.10000    969.00000   2482.10000   7179.00000   1479.90000
198712   6126.80000   1008.00000   2546.20000   7472.20000   1657.50000
198801   5973.50000    861.90000   2067.50000   6356.70000   1163.70000
198802   6603.40000    943.70000   2110.40000   7098.40000   1450.70000
198803   7296.50000   1071.90000   2508.20000   7408.30000   1639.90000
198804   6842.50000    952.30000   2152.90000   7244.70000   1549.50000
198805   7235.50000   1093.00000   2128.90000   6685.40000   1561.00000
198806   7488.00000   1328.80000   2238.40000   7556.10000   1544.10000
198807   5736.20000   1168.10000   2077.20000   7328.90000   1373.20000
198808   6308.50000    899.50000   1905.70000   7672.40000   1445.00000
198809   6976.60000   1051.00000   2090.60000   7057.70000   1390.00000
198810   7338.50000   1004.00000   2139.70000   8441.20000   1508.90000
198811   7122.00000   1032.20000   2293.40000   8191.40000   1615.10000
198812   6476.80000   1102.30000   2649.10000   8477.70000   1735.40000
198901   7891.30000    927.40000   1902.10000   6472.60000   1211.70000
198902   7295.80000   1053.30000   1958.30000   7942.10000   1520.20000
198903   7636.20000   1128.00000   2334.50000   8390.80000   1586.40000
198904   7580.90000   1106.10000   2082.00000   7537.30000   1390.50000
198905   7984.20000   1038.00000   2081.00000   7927.10000   1691.90000
198906   7639.50000   1325.60000   2032.30000   7870.70000   1413.30000
198907   6114.40000   1117.70000   2113.60000   7855.00000   1507.40000
198908   6825.40000    996.60000   2057.00000   7859.40000   1635.60000
198909   7133.90000    958.50000   1855.90000   7742.90000   1497.50000
198910   7847.20000   1106.70000   2263.80000   8602.60000   1748.70000
198911   7717.50000   1184.30000   2119.30000   7773.50000   1702.10000
198912   6811.30000   1043.10000   2067.90000   7448.70000   1434.70000
199001   6906.50000   1073.70000   2216.20000   6833.70000   1642.60000
199002   6877.70000    919.10000   2112.00000   6911.30000   1475.40000
199003   8275.20000   1101.50000   2645.40000   7807.50000   1659.70000
199004   7463.40000   1116.00000   2371.70000   7640.50000   1513.70000
199005   8214.60000   1082.10000   2377.10000   6751.30000   1713.50000
199006   8299.10000   1120.30000   2236.60000   7220.10000   1553.40000
199007   7046.30000   1223.90000   2517.50000   7251.10000   1611.20000
199008   7162.20000    956.30000   2492.20000   7629.30000   1521.80000
199009   7722.50000    963.70000   2022.70000   7022.90000   1656.70000
199010   8701.40000   1407.00000   2555.00000   8721.20000   2131.20000
199011   7995.10000   1140.40000   2341.20000   8105.50000   1971.40000
199012   6823.60000   1044.80000   2299.30000   7745.10000   1782.10000
199101   7227.10000   1066.30000   2073.40000   7281.40000   1559.00000
199102   6868.20000   1016.70000   2164.70000   7420.30000   1388.20000
199103   7523.00000   1122.60000   2302.50000   7925.00000   1503.70000
199104   7844.50000   1148.70000   2285.80000   7178.90000   1532.00000
199105   8055.90000   1081.00000   2193.20000   6711.30000   1705.80000
199106   7854.60000   1136.00000   1919.40000   6997.00000   1478.60000
199107   6906.30000   1317.90000   2144.90000   7659.00000   1591.70000
199108   7426.00000   1032.80000   1988.80000   7789.60000   1479.70000
199109   7702.50000   1022.70000   1964.90000   7794.00000   1512.40000
199110   8636.30000   1152.40000   2445.20000   8883.50000   1685.40000
199111   7943.50000   1013.40000   2190.50000   7770.60000   1429.30000
199112   7082.90000   1238.80000   2395.00000   8037.30000   1588.70000
199201   7137.50000   1076.70000   2000.40000   7574.30000   1511.70000
199202   7653.20000   1067.20000   2027.20000   7433.00000   1538.10000
199203   8576.90000   1231.20000   2382.90000   8421.60000   1566.00000
199204   8457.10000   1439.20000   2486.90000   7776.10000   1576.30000
199205   8502.40000   1044.00000   2285.20000   7161.20000   1599.90000
199206   8814.90000   1317.00000   2333.00000   7548.90000   1773.90000
199207   7228.00000   1289.60000   2439.30000   8114.20000   1765.60000
199208   7816.80000   1096.60000   2343.60000   7745.90000   1641.50000
199209   8580.60000   1276.00000   2332.60000   8277.90000   1752.20000
199210   9011.40000   1326.20000   2762.10000   9081.50000   1924.70000
199211   8378.80000   1236.90000   2878.40000   8579.70000   1706.00000
199212   8221.60000   1376.20000   2742.90000   9058.20000   1787.00000
199301   7862.40000   1033.90000   1959.80000   7616.30000   1498.20000
199302   8544.30000   1121.50000   2203.00000   8020.60000   1492.50000
199303  10053.70000   1357.30000   2588.60000   9667.30000   1937.10000
DATE    IMPCA         IMPFR        IMPGER       IMPYEN       IMPUK