195401      0.00252      0.47416     -0.26306     -0.20876     -1.20271      1.48554      0.32386      0.10877      0.26360      0.14895      0.15483
195402      0.00717      0.46716     -0.26527     -0.20883     -1.20023      1.49044      0.32169      0.10723      0.26783      0.14750      0.15575
195403     -0.00434      0.47266     -0.26225     -0.20980     -1.19904      1.50134      0.32073      0.10627      0.27046      0.14696      0.15558
195404     -0.01566      0.46386     -0.25840     -0.21934     -1.19392      1.51009      0.31917      0.10670      0.27148      0.14684      0.15581
195501     -0.01942      0.45587     -0.25427     -0.21829     -1.18984      1.51654      0.31594      0.10624      0.27400      0.14772      0.15610
195502     -0.02972      0.44973     -0.25550     -0.22383     -1.18473      1.52382      0.31492      0.10773      0.27210      0.14825      0.15700
195503     -0.03766      0.44665     -0.25262     -0.22157     -1.17976      1.52798      0.31284      0.10610      0.27277      0.15027      0.15801
195504     -0.04710      0.44287     -0.24646     -0.21696     -1.17515      1.54316      0.30899      0.10597      0.27560      0.15272      0.15672
195601     -0.05352      0.44352     -0.24217     -0.21383     -1.16959      1.54898      0.30891      0.10487      0.27644      0.15270      0.15709
195602     -0.04724      0.44654     -0.24028     -0.21203     -1.16418      1.54763      0.30759      0.10499      0.27809      0.15141      0.15792
195603     -0.04468      0.44624     -0.23951     -0.21203     -1.15552      1.54746      0.30667      0.10522      0.28015      0.14970      0.15825
195604     -0.04548      0.44890     -0.23268     -0.21145     -1.15212      1.55367      0.30497      0.10404      0.28265      0.14996      0.15838
195701     -0.04309      0.44120     -0.23028     -0.19931     -1.14454      1.55488      0.30494      0.10137      0.28209      0.15247      0.15912
195702     -0.04017      0.44375     -0.22376     -0.19126     -1.14303      1.55611      0.30580      0.10029      0.28196      0.15208      0.15988
195703     -0.03585      0.43412     -0.22452     -0.19076     -1.13327      1.56175      0.30689      0.10028      0.27950      0.15344      0.15989
195704     -0.04203      0.43108     -0.22015     -0.19182     -1.12628      1.56111      0.30443      0.09748      0.28366      0.15302      0.16141
195801     -0.01818      0.42536     -0.21515     -0.19296     -1.12265      1.55269      0.30687      0.09567      0.28305      0.15125      0.16316
195802     -0.01912      0.42008     -0.22046     -0.20996     -1.11526      1.56050      0.30450      0.09628      0.28571      0.15029      0.16321
195803     -0.03088      0.41644     -0.21609     -0.21419     -1.10958      1.57167      0.30012      0.09696      0.28780      0.15237      0.16275
195804     -0.04214      0.40662     -0.21615     -0.22971     -1.10172      1.57514      0.29916      0.09756      0.28811      0.15168      0.16349
195901     -0.04401      0.40511     -0.21572     -0.21605     -1.09632      1.58310      0.29865      0.09656      0.28892      0.15232      0.16355
195902     -0.05113      0.40438     -0.21317     -0.20677     -1.09185      1.58969      0.29525      0.09768      0.29156      0.15149      0.16403
195903     -0.05430      0.40022     -0.21093     -0.20887     -1.08385      1.59463      0.29401      0.09583      0.29365      0.15136      0.16515
195904     -0.05727      0.40165     -0.20346     -0.19802     -1.07976      1.59902      0.29189      0.09575      0.29546      0.15113      0.16577
196001     -0.06455      0.39681     -0.20093     -0.20556     -1.07498      1.59812      0.28845      0.09532      0.29837      0.15096      0.16690
196002     -0.06027      0.39682     -0.19908     -0.20370     -1.06954      1.60561      0.28924      0.09467      0.29864      0.15141      0.16603
196003     -0.06429      0.39424     -0.19810     -0.20051     -1.06293      1.59823      0.28715      0.09340      0.29861      0.15243      0.16840
196004     -0.06203      0.38849     -0.19906     -0.20498     -1.05517      1.59885      0.28665      0.09200      0.29969      0.15208      0.16958
196101     -0.06350      0.38644     -0.20286     -0.19834     -1.05152      1.60260      0.28736      0.09205      0.30027      0.15048      0.16984
196102     -0.07196      0.38087     -0.20456     -0.21014     -1.04805      1.61324      0.28456      0.09161      0.30369      0.15000      0.17013
196103     -0.07384      0.38346     -0.19910     -0.20031     -1.04544      1.60822      0.28238      0.09246      0.30307      0.15020      0.17190
196104     -0.07762      0.38026     -0.19689     -0.20034     -1.04302      1.61930      0.27986      0.09318      0.30479      0.15026      0.17192
196201     -0.07597      0.37257     -0.19866     -0.20665     -1.03724      1.62470      0.27891      0.09232      0.30450      0.15193      0.17234
196202     -0.07803      0.36903     -0.19934     -0.20397     -1.03054      1.62975      0.27659      0.09230      0.30661      0.15139      0.17311
196203     -0.08031      0.37024     -0.19847     -0.20985     -1.02664      1.63432      0.27669      0.09191      0.30606      0.15098      0.17435
196204     -0.08334      0.36479     -0.19990     -0.21175     -1.01980      1.63972      0.27406      0.09156      0.30645      0.15260      0.17533
196301     -0.08039      0.36248     -0.19988     -0.22182     -1.01559      1.64260      0.27323      0.09046      0.30719      0.15344      0.17567
196302     -0.08292      0.36558     -0.19361     -0.21244     -1.01382      1.64362      0.27203      0.09058      0.30967      0.15208      0.17564
196303     -0.07761      0.36278     -0.19358     -0.21183     -1.01020      1.65378      0.27005      0.09072      0.31241      0.15170      0.17513
196304     -0.07869      0.36419     -0.19179     -0.21662     -1.00622      1.65656      0.26940      0.08950      0.31490      0.14987      0.17633
196401     -0.07414      0.36284     -0.19370     -0.21573     -1.00369      1.67041      0.26907      0.09144      0.31508      0.14968      0.17472
196402     -0.07995      0.35988     -0.19408     -0.22346     -0.99896      1.68318      0.26888      0.09239      0.31579      0.14903      0.17391
196403     -0.08041      0.35212     -0.19489     -0.22985     -0.99349      1.69564      0.26831      0.09178      0.31575      0.15072      0.17345
196404     -0.08304      0.34675     -0.19384     -0.23584     -0.98717      1.69949      0.26741      0.09182      0.31761      0.14868      0.17448
196501     -0.08647      0.34915     -0.18834     -0.22412     -0.98514      1.70583      0.26703      0.09111      0.31792      0.14966      0.17428
196502     -0.07436      0.34976     -0.18527     -0.21856     -0.98256      1.71555      0.26738      0.08940      0.31839      0.15087      0.17396
196503     -0.07139      0.35090     -0.18175     -0.22520     -0.97912      1.72677      0.26732      0.09007      0.31841      0.15038      0.17382
196504     -0.06919      0.35432     -0.17648     -0.21946     -0.97616      1.74659      0.26936      0.09098      0.31766      0.15052      0.17148
196601     -0.05444      0.35360     -0.17484     -0.21403     -0.97011      1.75094      0.26944      0.09182      0.31736      0.15078      0.17060
196602     -0.04642      0.36030     -0.16703     -0.21533     -0.96619      1.75872      0.26791      0.09136      0.31938      0.15193      0.16942
196603     -0.04674      0.35998     -0.16045     -0.21793     -0.95914      1.76312      0.26630      0.09183      0.32009      0.15241      0.16937
196604     -0.04726      0.36298     -0.15625     -0.21700     -0.95193      1.76391      0.26317      0.09076      0.32352      0.15230      0.17026
196701     -0.05567      0.37045     -0.15689     -0.21665     -0.94631      1.77169      0.26228      0.09065      0.32507      0.15156      0.17044
196702     -0.05978      0.37507     -0.15447     -0.21255     -0.94271      1.77838      0.25926      0.09085      0.32751      0.15188      0.17051
196703     -0.05649      0.37800     -0.15288     -0.20605     -0.93617      1.78260      0.25768      0.09078      0.32944      0.15085      0.17125
196704     -0.05520      0.38476     -0.14765     -0.20831     -0.93064      1.78634      0.25853      0.08994      0.32949      0.15006      0.17198
196801     -0.05012      0.39048     -0.13710     -0.20741     -0.92323      1.79924      0.25819      0.09119      0.32960      0.15074      0.17029
196802     -0.04883      0.39952     -0.13177     -0.20022     -0.91502      1.80896      0.25793      0.09155      0.33255      0.14923      0.16874
196803     -0.04936      0.40752     -0.12942     -0.20145     -0.90603      1.82031      0.25821      0.09228      0.33271      0.14878      0.16803
196804     -0.04507      0.41321     -0.12546     -0.20058     -0.89663      1.82314      0.25725      0.09130      0.33498      0.14744      0.16903
196901     -0.04737      0.41702     -0.12327     -0.20243     -0.88702      1.83020      0.25610      0.09175      0.33555      0.14741      0.16919
196902     -0.04189      0.42032     -0.11665     -0.19691     -0.87780      1.83568      0.25508      0.09121      0.33662      0.14768      0.16940
196903     -0.03585      0.42238     -0.11618     -0.19969     -0.86679      1.83959      0.25431      0.09103      0.33759      0.14701      0.17006
196904     -0.02917      0.42359     -0.11337     -0.20625     -0.85617      1.84664      0.25488      0.08963      0.33959      0.14573      0.17017
197001     -0.01846      0.42509     -0.10250     -0.20357     -0.84949      1.85435      0.25750      0.08725      0.34050      0.14561      0.16914
197002     -0.01890      0.42189     -0.09711     -0.19760     -0.83926      1.85507      0.25766      0.08625      0.34172      0.14515      0.16922
197003     -0.02450      0.42210     -0.09373     -0.20127     -0.82826      1.86120      0.25630      0.08532      0.34430      0.14470      0.16938
197004     -0.03046      0.42201     -0.08874     -0.19809     -0.81516      1.86340      0.25399      0.08595      0.34468      0.14506      0.17032
197101     -0.04258      0.41477     -0.09113     -0.20972     -0.80067      1.86578      0.25091      0.08629      0.34740      0.14404      0.17136
197102     -0.03818      0.40969     -0.08916     -0.22690     -0.78765      1.86822      0.25008      0.08761      0.34907      0.14109      0.17216
197103     -0.04070      0.40276     -0.08430     -0.22150     -0.77578      1.86808      0.24703      0.08725      0.35099      0.14107      0.17366
197104     -0.04091      0.39798     -0.08119     -0.22168     -0.76571      1.87405      0.24553      0.08703      0.35306      0.14014      0.17423
197201     -0.03471      0.39573     -0.07774     -0.23341     -0.75685      1.88410      0.24423      0.08627      0.35568      0.13951      0.17431
197202     -0.03718      0.39182     -0.07707     -0.23500     -0.74850      1.89719      0.24647      0.08665      0.35412      0.13930      0.17346
197203     -0.03360      0.38230     -0.07663     -0.24039     -0.73810      1.90623      0.24571      0.08752      0.35392      0.13948      0.17336
197204     -0.02785      0.38334     -0.07857     -0.24607     -0.72797      1.92209      0.24415      0.08834      0.35483      0.14032      0.17235
197301     -0.00964      0.37628     -0.08239     -0.25262     -0.71275      1.92545      0.24531      0.08953      0.35114      0.14121      0.17281
197302      0.02094      0.38043     -0.07830     -0.24476     -0.70093      1.92388      0.24495      0.08853      0.35226      0.14119      0.17307
197303      0.05026      0.37547     -0.07394     -0.24416     -0.68912      1.92765      0.24931      0.08694      0.35039      0.14074      0.17263
197304      0.07358      0.37054     -0.06745     -0.20933     -0.67576      1.92507      0.24885      0.08602      0.34907      0.14349      0.17257
197401      0.10619      0.38179     -0.04979     -0.13089     -0.66716      1.91544      0.25033      0.08568      0.34693      0.14517      0.17189
197402      0.11783      0.39710     -0.03033     -0.08983     -0.65842      1.91924      0.24761      0.08462      0.34895      0.14869      0.17013
197403      0.11979      0.40815     -0.01801     -0.07007     -0.64547      1.92257      0.25053      0.08347      0.34853      0.14806      0.16942
197404      0.13402      0.40266     -0.01298     -0.07498     -0.62642      1.91973      0.25158      0.07948      0.35185      0.14669      0.17039
197501      0.12354      0.38200     -0.01226     -0.07612     -0.60544      1.92441      0.25053      0.08058      0.35438      0.14420      0.17031
197502      0.11632      0.37025     -0.01138     -0.07153     -0.59225      1.93802      0.24974      0.08125      0.35649      0.14357      0.16896
197503      0.12774      0.35951     -0.00526     -0.05600     -0.57570      1.93886      0.24944      0.08105      0.35589      0.14523      0.16839
197504      0.12150      0.34555     -0.00243     -0.05832     -0.55627      1.94344      0.24731      0.08002      0.35906      0.14457      0.16905
197601      0.10243      0.33893     -0.00149     -0.07302     -0.53984      1.95821      0.24591      0.07976      0.36170      0.14412      0.16850
197602      0.08899      0.33318      0.00130     -0.08158     -0.52561      1.96386      0.24554      0.07919      0.36200      0.14409      0.16919
197603      0.07662      0.32797     -0.00102     -0.08616     -0.50598      1.97302      0.24401      0.07929      0.36413      0.14324      0.16933
197604      0.05987      0.31436     -0.00411     -0.09486     -0.48374      1.98541      0.24071      0.07858      0.36827      0.14365      0.16879
197701      0.04912      0.30149     -0.00877     -0.10099     -0.45989      1.99327      0.24215      0.07769      0.36931      0.14156      0.16929
197702      0.04298      0.28478     -0.00798     -0.09804     -0.43702      1.99110      0.24127      0.07765      0.37057      0.14036      0.17015
197703      0.03556      0.27498     -0.01075     -0.11203     -0.41587      1.99733      0.23653      0.07807      0.37551      0.13935      0.17054
197704      0.03001      0.26021     -0.01340     -0.12059     -0.39612      2.00765      0.23471      0.08009      0.37516      0.13973      0.17031
197801      0.03926      0.24482     -0.00779     -0.13092     -0.38257      2.01585      0.23651      0.07756      0.37720      0.13745      0.17129
197802      0.06306      0.24675     -0.00410     -0.12899     -0.36677      2.02372      0.23525      0.07952      0.37773      0.13681      0.17069
197803      0.06897      0.23120     -0.00232     -0.12429     -0.34910      2.02777      0.23530      0.07961      0.37716      0.13667      0.17125
197804      0.06494      0.21359     -0.00841     -0.12617     -0.32524      2.03459      0.23546      0.07993      0.37371      0.13897      0.17193
197901      0.08438      0.20372     -0.00651     -0.11344     -0.30988      2.03937      0.23698      0.07705      0.37498      0.13956      0.17144
197902      0.08433      0.19540     -0.00488     -0.06200     -0.29044      2.03958      0.23540      0.07580      0.37482      0.14290      0.17109
197903      0.07072      0.17619     -0.00546     -0.01505     -0.26456      2.04054      0.23476      0.07606      0.37215      0.14567      0.17136
197904      0.05908      0.15454     -0.01211      0.00114     -0.23466      2.04787      0.23481      0.07453      0.37228      0.14637      0.17201
198001      0.05172      0.15212     -0.00109      0.05133     -0.21536      2.04561      0.23355      0.07254      0.37403      0.14824      0.17164
198002      0.05231      0.13624      0.00769      0.06630     -0.19438      2.03548      0.23174      0.07204      0.37426      0.14892      0.17305
198003      0.05868      0.11843      0.00756      0.05381     -0.16813      2.03901      0.22991      0.07180      0.37848      0.14674      0.17307
198004      0.05918      0.10152 3.27035e-004      0.04463     -0.13786      2.04371      0.22788      0.07177      0.38084      0.14625      0.17325
198101      0.05574      0.08330      0.00281      0.06823     -0.11353      2.03992      0.22802      0.07233      0.37761      0.14768      0.17437
198102      0.04080      0.06692 -9.72806e-005      0.06538     -0.08930      2.04340      0.22541      0.07185      0.38061      0.14676      0.17537
198103      0.03103      0.04954 -6.91410e-005      0.04652     -0.06427      2.04172      0.22354      0.07160      0.38286      0.14503      0.17697
198104      0.01205      0.02925     -0.00515      0.03586     -0.03908      2.04113      0.22218      0.07045      0.38465      0.14379      0.17893
198201      0.01288      0.01725     -0.00561      0.01440     -0.02210      2.04079      0.22208      0.07047      0.38819      0.14036      0.17891
198202      0.01110      0.01161 7.37570e-004     -0.01076     -0.01161      2.04335      0.22352      0.06919      0.39176      0.13697      0.17856
198203     -0.00427     -0.00455      0.00127 7.16344e-004      0.00775      2.04493      0.22214      0.06895      0.39298      0.13736      0.17856
198204     -0.01923     -0.02276      0.00268     -0.00398      0.02514      2.05155      0.21963      0.06826      0.39728      0.13658      0.17824
198301     -0.03120     -0.03082      0.00648     -0.03106      0.03705      2.05708      0.21868      0.06846      0.40082      0.13362      0.17841
198302     -0.02894     -0.03349      0.00722     -0.02847      0.04847      2.06809      0.21716      0.06974      0.40306      0.13358      0.17646
198303     -0.04173     -0.03578      0.00523     -0.02798      0.06185      2.07588      0.21691      0.06912      0.40344      0.13428      0.17626
198304     -0.04542     -0.04854      0.00637     -0.04108      0.07511      2.08216      0.21478      0.07035      0.40587      0.13262      0.17639
198401     -0.03666     -0.06003      0.00608     -0.04863      0.08696      2.08436      0.21501      0.07015      0.40638      0.13176      0.17670
198402     -0.04821     -0.07784      0.00169     -0.05746      0.10189      2.09510      0.21412      0.07075      0.40711      0.13151      0.17651
198403     -0.05364     -0.08434 -7.20100e-004     -0.07681      0.11688      2.09700      0.21472      0.06949      0.40918      0.12895      0.17766
198404     -0.06162     -0.08646     -0.00453     -0.08383      0.12943      2.10209      0.21247      0.06978      0.41221      0.12750      0.17804
198501     -0.06694     -0.08823     -0.00459     -0.09374      0.13997      2.11334      0.21038      0.06961      0.41621      0.12614      0.17765
198502     -0.08005     -0.09549     -0.01152     -0.08564      0.15608      2.11725      0.20988      0.06935      0.41573      0.12647      0.17857
198503     -0.09434     -0.11093     -0.01769     -0.09909      0.17314      2.12440      0.20834      0.06926      0.41813      0.12505      0.17923
198504     -0.09943     -0.12041     -0.02232     -0.10961      0.18936      2.13312      0.20733      0.06901      0.42038      0.12444      0.17884
198601     -0.10586     -0.14238     -0.02401     -0.14288      0.19983      2.13878      0.20855      0.06929      0.42106      0.12132      0.17977
198602     -0.11468     -0.16707     -0.02882     -0.21513      0.21550      2.14075      0.20964      0.07058      0.42316      0.11489      0.18172
198603     -0.10670     -0.16649     -0.02610     -0.24357      0.22715      2.13962      0.20895      0.07010      0.42536      0.11327      0.18232
198604     -0.10798     -0.17423     -0.02512     -0.25909      0.23976      2.14536      0.20924      0.06896      0.42849      0.11097      0.18234
198701     -0.10839     -0.16526     -0.02186     -0.22675      0.25034      2.15555      0.20781      0.06919      0.42942      0.11251      0.18107
198702     -0.10622     -0.15642     -0.02187     -0.22226      0.26109      2.16070      0.20591      0.06903      0.43068      0.11358      0.18081
198703     -0.11382     -0.16775     -0.02341     -0.21118      0.27409      2.16357      0.20411      0.06911      0.43263      0.11309      0.18105
198704     -0.12292     -0.16812     -0.02993     -0.21948      0.29058      2.16575      0.20327      0.06871      0.43308      0.11264      0.18230
198801     -0.12734     -0.17448     -0.03301     -0.23408      0.30167      2.17363      0.20221      0.06826      0.43614      0.11113      0.18227
198802     -0.12165     -0.15930     -0.02603     -0.23201      0.30893      2.17786      0.20265      0.06828      0.43761      0.11049      0.18098
198803     -0.11507     -0.17731     -0.02723     -0.23227      0.32152      2.18563      0.20271      0.06880      0.43882      0.10988      0.17979
198804     -0.11659     -0.16994     -0.02705     -0.24071      0.33429      2.18702      0.20182      0.06945      0.43983      0.10921      0.17968
198901     -0.11029     -0.17368     -0.02168     -0.22802      0.34334      2.18674      0.20266      0.06860      0.43999      0.10966      0.17909
198902     -0.10324     -0.17756     -0.02089     -0.19108      0.35225      2.18659      0.20070      0.06890      0.43943      0.11219      0.17878
198903     -0.11146     -0.20830     -0.02678     -0.20738      0.36665      2.19234      0.19939      0.06903      0.44096      0.11104      0.17957
198904     -0.11284     -0.20601     -0.02942     -0.22037      0.38155      2.19367      0.19762      0.06849      0.44269      0.11089      0.18032
199001     -0.09258     -0.19030     -0.02626     -0.19519      0.39092      2.18876      0.19910      0.06877      0.44089      0.11156      0.17968
199002     -0.09704     -0.18637     -0.02791     -0.20127      0.40237      2.19177      0.19823      0.06761      0.44579      0.10912      0.17925
199003     -0.10750     -0.20998     -0.03828     -0.18258      0.42299      2.19546      0.19613      0.06720      0.44544      0.11192      0.17931
199004     -0.10393     -0.21658     -0.03258     -0.12831      0.43148      2.18901      0.19328      0.06495      0.44783      0.11519      0.17876
DATE       PFL          PCL          PSOL         PNDOL         PHOUSEL      EXPNDL       WFOOD        WCLOTH       WSO          WNDO         WHOUSE