195201   1613.55139    182.30530      1.63195
195202   1623.94373    186.54734      1.75997
195203   1628.24072    189.23373      1.80533
195204   1663.01379    196.23863      1.87275
195301   1694.06397    202.38731      2.03929
195302   1702.27271    208.16035      2.28497
195303   1698.63648    206.31772      1.99833
195304   1675.90918    201.28464      1.43541
195401   1666.96826    198.22730      1.07562
195402   1668.32581    197.00334      0.89664
195403   1689.59265    189.98073      0.84633
195404   1712.55603    188.41664      0.98541
195501   1754.66663    195.89030      1.24829
195502   1767.98254    203.57834      1.59664
195503   1788.69568    213.20072      1.83800
195504   1800.86194    221.18064      2.29841
195601   1797.00855    230.96431      2.37129
195602   1812.76599    242.51834      2.67897
195603   1817.72144    250.32973      2.57333
195604   1837.65698    252.24563      3.01275
195701   1851.65283    257.72730      3.16362
195702   1852.26343    265.76134      3.23931
195703   1866.12256    268.16171      3.35900
195704   1843.67346    260.93764      3.29241
195801   1799.19019    253.14430      1.82995
195802   1816.19434    247.73434      1.09997
195803   1854.61841    245.58572      1.68733
195804   1892.43030    246.75364      2.73675
195901   1914.17334    249.90731      2.79229
195902   1948.82813    258.39034      3.10164
195903   1942.80139    265.83471      3.50966
195904   1951.93811    271.45965      4.24841
196001   1988.46155    277.88829      3.93495
196002   1984.61536    285.31434      3.17464
196003   1988.50574    288.22772      2.36700
196004   1970.11499    286.62165      2.30975
196101   1987.73938    287.22031      2.36862
196102   2020.61072    290.95135      2.40697
196103   2046.21216    290.88072      2.30133
196104   2087.54712    290.14363      2.42408
196201   2118.72656    293.81329      2.73095
196202   2139.92554    301.23735      2.79831
196203   2157.24902    305.41772      2.83466
196204   2153.87451    311.08263      2.75241
196301   2187.08496    316.42429      2.90095
196302   2218.08106    321.96333      3.02364
196303   2256.98535    324.31873      3.25733
196304   2273.72266    334.66764      3.44841
196401   2326.90918    341.35331      3.52995
196402   2349.63770    350.28435      3.56364
196403   2371.22315    357.70271      3.48066
196404   2381.72046    365.80764      3.63408
196501   2430.14185    386.87430      3.89162
196502   2465.37109    405.43436      3.96131
196503   2504.21045    419.71171      3.83633
196504   2563.06616    435.78664      4.10775
196601   2614.48291    451.62630      4.62262
196602   2618.77124    469.25934      4.67964
196603   2645.08472    487.96471      5.02433
196604   2655.18408    504.43064      5.19508
196701   2676.66675    517.04829      4.52562
196702   2687.70752    532.31236      3.73964
196703   2717.76318    537.72375      4.32133
196704   2730.51953    545.30565      4.73641
196801   2774.03833    548.26228      5.05662
196802   2815.82275    559.87335      5.59231
196803   2833.12500    573.60870      5.20300
196804   2839.50610    592.50765      5.52975
196901   2885.93262    615.17330      6.12962
196902   2883.43359    641.58036      6.32231
196903   2898.21948    657.83670      7.02333
196904   2887.97656    673.39662      7.26675
197001   2886.95654    676.99331      7.25462
197002   2878.63257    689.45032      6.83464
197003   2916.14746    693.24772      6.35133
197004   2892.15674    677.63164      5.30741
197101   2959.61548    670.82631      3.85529
197102   2962.70264    661.68432      4.28831
197103   2983.15479    659.48472      5.02700
197104   2997.87769    661.53662      4.18341
197201   3060.73291    647.61930      3.42729
197202   3110.88110    659.89937      3.83064
197203   3145.64111    655.67371      4.21800
197204   3196.71729    668.17866      4.80041
197301   3279.55127    682.71831      5.63162
197302   3291.44238    691.03835      6.69064
197303   3298.79834    692.25071      8.36500
197304   3323.00464    701.03065      7.41075
197401   3298.15234    688.72430      7.59229
197402   3304.75098    716.69234      8.35031
197403   3275.16480    714.33171      8.26300
197404   3251.17773    716.70361      7.28508
197501   3177.50000    717.93730      5.86529
197502   3211.49902    684.29034      5.48297
197503   3274.84888    646.79472      6.31333
197504   3325.74268    624.73061      5.63341
197601   3386.13257    614.14732      4.94529
197602   3397.49512    586.90335      5.25097
197603   3410.24658    579.13574      5.14533
197604   3447.20142    581.85266      4.64741
197701   3504.05151    581.12630      4.61595
197702   3562.81592    577.91831      4.91097
197703   3610.28345    586.01172      5.44866
197704   3598.95459    592.71964      6.08608
197801   3629.55298    593.06330      6.39995
197802   3740.03345    603.99535      6.56331
197803   3769.95044    613.72671      7.29200
197804   3821.70435    614.40163      8.62941
197901   3819.21240    616.65533      9.34962
197902   3831.79004    633.02735      9.45464
197903   3860.63355    650.14974      9.60800
197904   3868.78711    644.18762     11.75275
198001   3883.95972    651.66328     13.45062
198002   3784.46289    646.35433     10.13164
198003   3779.03467    633.13975      9.21200
198004   3846.10205    640.58965     13.65875
198101   3902.61426    632.23833     14.36095
198102   3881.25806    637.11335     14.91131
198103   3905.14429    667.37275     15.06400
198104   3849.75415    698.52366     11.97175
198201   3790.89795    728.50129     12.88695
198202   3811.99023    761.37836     12.44131
198203   3788.61206    770.48874      9.68200
198204   3791.29419    768.02466      7.88408
198301   3818.37207    762.49728      8.07329
198302   3914.64844    745.48734      8.50131
198303   3978.97144    734.15571      9.16333
198304   4047.96362    737.07161      8.74241
198401   4118.39453    771.83632      9.12529
198402   4170.30908    817.13836      9.92564
198403   4191.16699    858.53273     10.32000
198404   4214.73437    890.18065      8.92241
198501   4239.76416    902.30133      8.17529
198502   4269.04248    909.24935      7.60564
198503   4322.93897    924.75070      7.08000
198504   4347.48975    932.83462      7.09575
198601   4407.70801    961.14434      6.87862
198602   4392.84961    967.63638      6.21231
198603   4423.86865    984.85670      5.51000
198604   4429.08154   1003.31169      5.28908
198701   4465.99170   1021.57925      5.52529
198702   4515.56250    996.12133      5.81564
198703   4564.00781    979.93871      6.01000
198704   4634.88135    979.06665      5.95241
198801   4666.30762   1000.09128      5.75195
198802   4711.91895   1012.79739      6.31231
198803   4738.37354   1013.97869      6.97000
198804   4790.80566   1022.98567      7.65241
198901   4830.68262   1033.29234      8.52529
198902   4850.41602   1044.27338      8.52231
198903   4853.07080   1080.66970      7.82666
198904   4872.84277   1090.77367      7.58241
199001   4909.34424   1074.59431      7.74862
199002   4917.40674   1093.01334      7.84897
199003   4897.10254   1086.95177      7.47000
199004   4863.21777   1063.20760      6.97241
199101   4823.79688   1071.15531      6.04529
DATE     GNP          LOANS           R
