187601      0.52290      5.57680      0.02260     -1.48420     -1.15200
187701      0.54350      5.58440      0.02620     -1.45240     -1.14660
187801      0.54760      5.58970      0.03600     -1.36770     -1.14130
187901      0.56670      5.58330      0.02140     -1.43430     -1.13600
188001      0.60730      5.59990      0.02530     -1.42480     -1.13070
188101      0.61800      5.60700      0.03050     -1.42870     -1.11470
188201      0.62560      5.61300      0.03550     -1.42610     -1.09870
188301      0.60630      5.63140      0.03220     -1.44920     -1.08320
188401      0.56970      5.63910      0.02580     -1.49890     -1.06800
188501      0.54740      5.64290      0.02400     -1.52220     -1.05270
188601      0.56490      5.64710      0.02330     -1.54820     -1.03790
188701      0.59120      5.66310      0.02650     -1.58640     -1.02330
188801      0.63350      5.67600      0.02530     -1.68010     -1.00870
188901      0.67030      5.68960      0.02850     -1.69740     -0.99450
189001      0.65610      5.69910      0.03880     -1.67640     -0.98030
189101      0.61020      5.71370      0.02770     -1.65060     -0.96650
189201      0.55630      5.71680      0.01770     -1.68970     -0.95300
189301      0.56790      5.71470      0.02310     -1.66940     -0.93930
189401      0.62500      5.72560      0.01190     -1.74280     -0.92610
189501      0.59560      5.74090      0.00960     -1.75360     -0.91300
189601      0.56790      5.76440      0.01570     -1.72540     -0.89990
189701      0.56350      5.77730      0.01930     -1.78350     -0.88720
189801      0.59980      5.80020      0.02650     -1.82690     -0.87470
189901      0.61220      5.83000      0.03250     -1.84810     -0.86200
190001      0.61870      5.84030      0.03710     -1.83260     -0.84980
190101      0.60260      5.85780      0.03170     -1.86420     -0.84470
190201      0.60520      5.86770      0.02970     -1.90040     -0.83960
190301      0.59840      5.87260      0.03380     -1.85170     -0.83450
190401      0.60650      5.87550      0.02680     -1.88770     -0.82940
190501      0.63840      5.88130      0.02620     -1.97090     -0.82440
190601      0.66990      5.89020      0.03970     -1.99840     -0.81940
190701      0.69050      5.89510      0.04490     -1.98690     -0.81440
190801      0.63840      5.88570      0.02290     -2.03380     -0.80920
190901      0.62810      5.88610      0.02280     -2.03560     -0.80430
191001      0.64350      5.89470      0.03160     -2.06050     -0.79940
191101      0.65680      5.90590      0.02910     -2.08220     -0.79450
191201      0.69220      5.91260      0.03620     -2.07410     -0.78970
191301      0.68860      5.93370      0.04370     -2.10110     -0.78480
191401      0.62180      5.94650      0.02910     -1.99680     -0.77570
191501      0.59380      5.98280      0.03660     -1.94800     -0.76660
191601      0.66770      6.00540      0.05200     -1.98220     -0.75760
191701      0.76440      6.02590      0.04790     -1.90880     -0.74870
191801      0.76200      6.03280      0.03570     -1.80390     -0.73980
191901      0.59670      6.00040      0.03930     -1.82890     -0.73110
192001      0.56380      5.95400      0.06410     -1.79900     -0.72240
192101      0.38920      5.90300      0.05170     -1.90520     -0.71380
192201      0.33280      5.87650      0.02640     -1.91780     -0.70520
192301      0.36010      5.86750      0.02720     -1.91980     -0.69680
192401      0.40680      5.86830      0.03460     -1.89940     -0.68840
192501      0.48770      5.88580      0.04140     -1.91380     -0.68000
192601      0.43720      5.88230      0.04480     -1.94470     -0.67180
192701      0.48310      5.90140      0.04260     -1.97430     -0.66360
192801      0.46980      5.91920      0.04160     -2.01470     -0.65550
192901      0.48460      5.93710      0.05260     -2.01040     -0.64740
193001      0.46670      5.94690      0.02570     -2.05960     -0.63530
193101      0.37150      5.93240      0.03610     -1.99120     -0.62310
193201      0.32270      5.92100      0.01870     -2.10500     -0.61120
193301      0.27160      5.91760      0.00690     -2.07940     -0.59930
193401      0.36250      5.93700      0.00820     -2.07230     -0.58770
193501      0.34990      5.96090      0.00580     -2.10000     -0.57610
193601      0.33550      5.98530      0.00600     -2.08230     -0.56480
193701      0.35170      6.01320      0.00580     -1.99130     -0.55360
193801      0.39020      6.04050      0.00630     -1.95800     -0.54230
193901      0.42880      6.06580      0.01220     -1.96910     -0.55290
194001      0.45340      6.13160      0.01040     -1.92930     -0.56350
194101      0.50640      6.19470      0.01030     -1.96490     -0.57430
194201      0.48900      6.23770      0.01030     -1.84640     -0.58520
194301      0.41550      6.26980      0.01030     -1.78190     -0.59620
194401      0.31290      6.27340      0.01030     -1.74210     -0.60730
194501      0.20410      6.25160      0.00950     -1.69700     -0.61860
194601      0.11690      6.23310      0.00530     -1.77050     -0.63000
194701      0.07700      6.21150      0.00530     -1.79710     -0.64150
194801      0.16350      6.20330      0.00560     -1.90040     -0.65320
194901      0.22420      6.21730      0.00630     -1.88940     -0.63530
195001      0.26500      6.22500      0.00690     -1.90750     -0.61750
195101      0.33690      6.24010      0.00910     -1.86760     -0.60020
195201      0.41620      6.24710      0.02710     -1.83230     -0.58300
195301      0.44900      6.26520      0.02770     -1.80710     -0.56630
195401      0.47850      6.28750      0.01840     -1.78890     -0.54970
195501      0.53670      6.31130      0.03750     -1.68910     -0.53360
195601      0.62810      6.33200      0.05050     -1.63990     -0.51750
195701      0.66410      6.35060      0.04980     -1.63480     -0.50190
195801      0.67790      6.36020      0.04740     -1.63470     -0.48630
195901      0.68780      6.37480      0.03490     -1.65690     -0.47110
196001      0.71460      6.39660      0.05050     -1.62880     -0.45600
196101      0.75090      6.42030      0.05410     -1.60720     -0.43870
196201      0.77370      6.43700      0.04400     -1.63110     -0.42140
196301      0.79790      6.45970      0.03830     -1.66900     -0.42690
196401      0.81950      6.49150      0.04810     -1.65150     -0.48370
196501      0.83230      6.51810      0.06290     -1.65440     -0.49310
196601      0.83960      6.54030      0.06430     -1.61040     -0.50980
196701      0.77620      6.56100      0.06080     -1.65510     -0.51830
196801      0.77220      6.58360      0.06840     -1.70950     -0.52200
196901      0.79710      6.60350      0.08480     -1.68780     -0.64460
197001      0.80100      6.62210      0.08260     -1.67780     -0.61250
197101      0.82150      6.63940      0.06410     -1.69560     -0.56170
197201      0.67780      6.65450      0.06110     -1.82230     -0.63840
197301      0.58260      6.68740      0.10430     -2.00030     -0.81920
197401      0.60700      6.70700      0.13060     -1.96410     -0.89900
197501      0.75270      6.71160      0.10620     -1.90920     -0.90910
197601      0.92660      6.72610      0.11190     -1.80700     -1.00090
197701      0.94500      6.74060      0.07900     -1.75710     -0.89120
197801      0.94680      6.75520      0.08950     -1.76000     -0.89320
197901      0.96140      6.76960      0.13440     -1.79440     -0.91510
198001      0.92610      6.77290      0.15880     -1.88950     -0.87530
198101      0.79290      6.79870      0.13130     -2.06030     -1.00790
198201      0.78780      6.81320      0.11600     -2.10580     -1.01960
198301      0.78610      6.82770      0.09670     -2.15390     -1.00000
198401      0.76120      6.84230      0.09390     -2.22620     -0.99640
198501      0.72680      6.85680      0.11690     -2.30870     -0.90900
DATE        V            Y            INT         CM           FA