    -0.031507982       -1.0398091
    -0.022635729       -1.1064691
    -0.022193477       -1.0064691
    -0.022731224      -0.93980913
    -0.043168972      -0.10646913
    -0.057766719        1.0935309
    -0.058944467        1.9268609
    -0.077602215        2.1935309
    -0.046449962        1.6268609
    -0.027017710       0.79353087
    0.0010645428      -0.13980913
     0.020416795      -0.53980913
     0.032409048       -1.2731391
     0.049601300       -1.6731391
     0.062883553       -1.6064691
     0.058725805       -1.4064691
     0.059678057       -1.7064691
     0.048530310       -1.8064691
     0.048752562       -1.5398091
     0.060554815       -1.9398091
     0.069157067       -2.0731391
     0.069809320       -2.2064691
     0.056421572       -2.0398091
     0.039583825       -1.0731391
     0.016866077       0.49353087
    0.0041383295        1.0268609
    0.0073205820        1.1935309
     0.013152834       0.56019087
     0.025595087     -0.039809126
     0.027747339      -0.37313913
     0.032249592      -0.67313913
     0.032241844      -0.53980913
     0.021524097      -0.73980913
     0.017326349      -0.57313913
    0.0093186016      -0.63980913
     0.011610854      -0.63980913
     0.011083106      -0.83980913
    0.0017653589      -0.67313913
   -0.0011323886      -0.53980913
    -0.025490136       0.16019087
    -0.054727884        1.5268609
    -0.058105631        2.5935309
    -0.043473379        2.5601909
    -0.028811126        1.5935309
    -0.025208874        1.0601909
    -0.015076621       0.32686087
    -0.028404369       0.49353087
    -0.028652117       0.82686087
    -0.020369864       0.36019087
    -0.031987612       0.46019087
    -0.039765359       0.76019087
    -0.057113107        1.4935309
    -0.055500854        2.0268609
    -0.051868602        2.2268609
    -0.046406349        1.9935309
    -0.032904097        1.4268609
    -0.028621845       0.86019087
    -0.027009592       0.76019087
    -0.026497340       0.79353087
    -0.036885087       0.76019087
    -0.032182835       0.99353087
    -0.027170582       0.96019087
    -0.018588330       0.72686087
    -0.020156077       0.79353087
   -0.0067938250       0.69353087
   -0.0070015725       0.42686087
   -0.0057093201       0.22686087
    -0.010177068       0.19353087
    0.0025151848       0.12686087
    0.0081574373      -0.10646913
     0.015219690      -0.40646913
     0.029231942      -0.67313913
     0.040084195      -0.90646913
     0.033946447      -0.93980913
     0.035408700       -1.0064691
     0.031570952       -1.0731391
     0.028463204      -0.93980913
     0.025685457      -0.93980913
     0.031257709      -0.97313913
     0.028149962      -0.87313913
     0.030942214       -1.0398091
     0.039084467       -1.2064691
     0.038086719       -1.2398091
     0.028388972       -1.3731391
     0.033611224       -1.3731391
     0.026233476       -1.3398091
     0.023015729       -1.2064691
     0.010287981       -1.2064691
   -0.0046197662      -0.60646913
    -0.014227514    -0.0064691262
    -0.010865261       0.39353087
    -0.028673009        1.0601909
    -0.010920756        1.1601909
    -0.019738504        1.1268609
    -0.023366251        1.2601909
    -0.032143999        1.1601909
    -0.019201747       0.99353087
   -0.0086794941       0.92686087
   -0.0070672417       0.79353087
    0.0027850108       0.59353087
     0.017247263       0.16019087
     0.011069516       0.16019087
    0.0013417681      0.026860874 
