     0.036664120       -2.4098326
     0.024521059       -2.0431726
     0.020797998       -1.9765026
    0.0011349371       -1.5431726
    -0.014248124      -0.57650262
    -0.040541185        1.0901674
    -0.036974245        1.6901674
    -0.026697306        1.2901674
    -0.019420367        1.1234974
   -0.0073634278       0.55682738
   -0.0094764886       0.39016738
    -0.011879549       0.55682738
   -0.0085126103       0.59016738
   -0.0014356711       0.32349738
    0.0080012681     -0.043172623
     0.021338207      -0.27650262
     0.012215146      -0.50983262
     0.014442086      -0.84317262
     0.038979025       -1.1765026
     0.040965964       -1.1431726
     0.046742903       -1.2765026
     0.040219842       -1.3098326
     0.032726782       -1.4765026
     0.035163721       -1.3098326
     0.026700660       -1.2098326
     0.030127599      -0.87650262
  -0.00033546166       0.15682738
   -0.0062285225       0.49016738
  -0.00016158329       0.22349738
     0.012445356       0.25682738
    0.0025422951       0.22349738
   0.00040923427       0.22349738
    -0.020203827        1.0568274
    -0.041976887        1.6568274
    -0.045529948        2.2568274
    -0.060103009        2.7234974
    -0.065136070        3.4901674
    -0.063089131        3.1901674
    -0.047392191        2.9568274
    -0.039285252        2.1901674
    -0.028248313        1.3568274
   -0.0093913739       0.69016738
   -0.0026144347       0.25682738
   -0.0027274955       0.25682738
   -0.0051505563       0.12349738
   0.00019638287      0.056827377
  -0.00030667795       0.12349738
    0.0032502612      0.023497377
    0.0039872004      -0.14317262
     0.013344140      -0.14317262
    0.0023410788    -0.0098326230
   -0.0021119820      -0.20983262
   -0.0029650428      -0.34317262
    0.0031518964      -0.57650262
    0.0068788355      -0.90983262
     0.010385775       -1.1765026
     0.019712714       -1.3431726
     0.025709653       -1.4765026
     0.028086592       -1.7098326
     0.028073531       -1.6765026
     0.028250471       -1.8765026
